600
3
0
1
1
1
1
1
1
1
1
1
1
1
1
1
1
1
1
1
1
1
1
1
1
1
1
1
1
1
1
1
1
1
1
1
1
1
1
1
1
1
1
1
1
1
1
1
1
1
1
1
1
1
1
1
1
1
1
1
1
1
1
1
1
1
1
1
1
1
1
1
1
1
1
1
1
1
1
1
1
1
1
1
1
1
1
1
1
1
1
1
1
1
1
1
1
1
1
1
1
1
1
1
1
1
1
1
1
1
1
1
1
1
1
1
1
1
1
1
1
1
1
1
1
1
1
1
1
1
1
1
1
1
1
1
1
1
1
1
1
1
1
1
1
1
1
1
1
1
1
1
1
1
1
1
1
1
1
1
1
1
1
1
1
1
1
1
1
1
1
1
1
1
1
1
1
1
1
1
1
1
1
1
1
1
1
1
1
1
1
1
1
1
1
1
1
1
1
1
1
1
1
1
1
1
1
1
1
1
1
1
1
1
1
1
1
1
1
1
1
1
1
1
1
1
1
1
1
1
1
1
1
1
1
1
1
1
1
1
1
1
1
1
1
1
1
1
1
1
1
1
1
1
1
1
1
1
1
1
1
1
1
1
1
1
1
1
1
1
1
1
1
1
1
1
1
1
1
1
1
1
1
1
1
1
1
1
1
1
1
1
1
1
1
1
1
1
1
1
1
1
1
1
1
1
1
1
1
1
1
1
1
1
1
1
1
1
1
1
1
1
1
1
1
1
1
1
1
1
1
1
1
1
1
1
1
1
1
1
1
1
1
1
1
1
1
1
1
1
1
1
1
1
1
1
1
1
1
1
1
1
1
1
1
1
1
1
1
1
1
1
1
1
1
1
1
1
1
1
1
1
1
1
1
1
1
1
1
1
1
1
1
1
1
1
1
1
1
1
1
1
1
1
1
1
1
1
1
1
1
1
1
1
1
1
1
1
1
1
1
1
1
1
1
1
1
1
1
1
1
1
1
1
1
1
1
1
1
1
1
1
1
1
1
1
1
1
1
1
1
1
1
1
1
1
1
1
1
1
1
1
1
1
1
1
1
1
1
1
1
1
1
1
1
1
1
1
1
1
1
1
1
1
1
1
1
1
1
1
1
1
1
1
1
1
1
1
1
1
1
1
1
1
1
1
1
1
1
1
1
1
1
1
1
1
1
1
1
1
1
1
1
1
1
1
1
1
1
1
1
1
1
1
1
1
1
1
1
1
1
1
1
1
1
1
1
1
1
1
1
1
1
1
1
1
1
1
1
1
1
1
1
1
1
1
1
1
1
1
1
1
1
1
1
1
1
1
1
1
1
1
1
1
1
1
1
1
1
1
1
1
1
1
1
1
1
1
1
1
1
1
1
0.3239806190857507 0.07257810318010577 0.06845369048626351
-0.15005745453962188 0.44533219962644105 0.1362786234942037
-0.3310382378104381 0.45367446856239635 0.15428043273524264
-0.20707095201675646 -0.641132270487514 0.2967832450506113
0.44442728661782477 0.2699171643819109 0.5858043611074859
0.4496649474001416 -0.01810961206617664 -0.28550517424512406
0.19138388907060813 0.8842158158256164 -0.37015629585521476
0.2465126894005622 -0.44620410736857385 -0.7927448060862391
-0.3899064076671905 -0.6982987582042879 -0.3330100784221429
0.8088778946579838 -0.2019648369503217 -0.01663255087786121
0.2740009522995643 0.6131731601602923 -0.26445575219584966
-0.14240431967084582 0.20609487001067753 0.46670674913341303
-0.1215980733599609 0.6371397693004609 -0.15802989375715715
0.5060964963281803 0.7498613236799573 -0.34982260788500813
-0.5147867886644983 -0.8270732398969808 -0.10133024381183815
0.3025302203444821 -0.5441412022501907 0.25212772799514177
0.0790464935034614 0.20080240934499144 0.807941152223616
0.5298511718567881 0.37552790312727685 0.37494041405087036
0.17017701906659968 -0.595801193611039 -0.472895289855299
0.040302171345362736 -0.39085067336338936 -0.7085819180801446
0.270258401057555 0.38228303552779447 0.5292792438522529
-0.6351469255164797 0.22338274599770142 -0.18218550649279827
-0.4928978422192268 -0.3715927828006615 -0.031004276639194125
0.0542065994366686 -0.32487326577279685 0.16312435884288132
0.17983543705367533 -0.7260347134097246 0.17953533919925177
0.02346087135567421 0.36643736854229997 0.7252140920452523
-0.1997157012994776 -0.6978434806275297 0.6226339998134793
-0.24205366591256122 -0.47954372427261227 0.7390906226406824
0.7152309408491291 0.08815821014740288 -0.41280213241514196
-0.6907749682586304 -0.3236468492144516 0.5610895571357244
0.12983945760333385 -0.3001567457313875 -0.32853500924651474
-0.5906991828871218 0.2593955013792403 -0.6222179944201345
0.0343510597817828 -0.8051087520251302 -0.35783807475592866
0.0352091622579773 0.1955079602265135 0.3999193994974973
-0.14265717736867192 0.6421377734459113 -0.11222209300004334
-0.24774226337323185 -0.29982687255233276 0.6614078662065684
0.05114978831819132 0.5480222278578701 -0.2551489034359539
-0.007090493331002792 -0.43101191841133296 -0.49773706639429943
0.6806069977503663 -0.6088782592099636 -0.0957562595817863
-0.06316018424802833 -0.4219139488572421 -0.538247357186454
0.2488106763451508 0.44087451547049006 0.7728790409610176
-0.6788391847666116 0.18276319640720212 -0.03556952396985649
0.8293157312057933 0.07963216032551551 0.22958954661976536
-0.6376985341627347 -0.0028066196632011717 0.7094143020406459
-0.16894350165650796 -0.18573725678968334 0.23792890205400188
-0.17606113115134153 -0.223268952292094 0.08459602554844442
0.6273647675412279 0.4109227862800591 -0.14518564672238815
-0.11863557350860324 0.5538884390504409 -0.4291253762214646
-0.3504631537402284 -0.4727386254221848 -0.6699840916455746
0.23851990534664508 -0.28946708802597404 0.3292932624442899
-0.029506354388233465 0.7040084601457383 -0.6146250653395519
-0.489390080959092 0.1899863928546137 0.6465584484679486
-0.2524312382922948 0.8265416963695449 0.5024352217025723
-0.098203036984021 -0.06998859076971513 0.9406159184592263
0.3763806615769608 0.4809230637808344 -0.3177325080487175
0.522875047195671 0.37995553140258165 0.07368628380611737
0.6517699915104697 -0.712860274337461 -0.15419883948636126
-0.15831264911741894 -0.25238682720580063 0.3316030614958849
-0.4424320803893472 0.6946700043256784 -0.5246124230040465
-0.2983937024066458 0.3490286160575041 0.5272276838730093
-0.8955746373897926 0.17287932202617826 -0.17436825966793984
0.8254048031934721 -0.5123391540562642 0.041693557746410245
-0.584611275982228 0.7896629535239721 0.001472670290244846
0.36549301126694095 -0.6054923993954174 0.1661449312573135
0.16303170989964377 0.472678358031113 -0.6828471666162476
-0.4737878611411248 -0.1748638152188795 0.537308722532955
0.18436174775088895 0.005762647223371488 0.163979140947175
-0.41859694417254834 -0.6667364876510902 -0.5145838686584833
0.23100145424418883 -0.8080269870123056 -0.47432639216236305
-0.14719411406906652 0.5173815010949532 0.8338696107858311
-0.38144180484161994 -0.21727234248393598 -0.06950129506980772
0.6575269550525398 0.34966884684910515 0.17589989559022876
0.3046351542127164 -0.18281788690533193 0.6932197634466893
-0.00951432442596742 0.0521096092933526 -0.5180586533805324
-0.33056308708273274 -0.3820405057974571 0.6128065599761109
0.6602247620608378 -0.27923602335294595 0.5431540184993514
0.6375528367352398 -0.6050011743312776 -0.23409723839678273
0.19997277194034668 0.1348347843273405 -0.08420288359787552
0.8102466739105029 0.30535292575534634 0.4227082698423008
-0.8868655907844282 -0.11466932833649918 -0.16076318091209035
-0.4516388677515872 -0.6743789052543142 -0.3045147670108857
0.2725983914560405 0.07544077264500286 0.29864818274507476
0.14051901371827746 0.5090519409507575 0.502361297780942
-0.1981448016253526 0.07264041445433564 0.81049657727475
-0.08417111306356766 -0.3537416454489241 0.07572489629158005
0.448419003438249 -0.163400708142035 0.0759184064084878
-0.4082237462731354 -0.329672463445951 0.40208892641841504
0.2095219640237946 0.3947690763159712 0.4453422684432938
0.2228313238168829 0.35615503206784066 -0.11777836734186425
-0.1772187736349938 0.10792420487209109 -0.7935063519671848
0.00031435621234046884 0.2730816706595346 -0.27850944967791613
-0.43603684623681 -0.3955892349526564 -0.08961622276200548
-0.21721649725263906 -0.34982209832799904 0.20931597402086577
0.5970104547068957 0.6361134562559579 0.10293016051214585
0.2167693130994148 -0.39691132507222476 -0.8180913050572406
-0.46976265744276524 0.23280235996339302 0.7970439156145618
-0.05231128281191377 0.6956219247488168 -0.43376899351512077
-0.2563321523733633 -0.2650314051121026 -0.45046642887806154
-0.41461204483788294 -0.20717138692486517 -0.794420880175466
0.49149320407388986 0.1637567123504746 -0.3063215010999287
-0.02600217644699185 -0.3970598425531471 -0.020144798759586125
-0.8415122531417146 -0.0011955887237882544 0.33793375376487
-0.01834060472615615 0.14147863604196909 0.4644078434473289
0.7460471087530377 -0.3205886438640211 0.09668603888557482
-0.5481146257078794 -0.30513490901480156 0.3911703733431767
0.26643277766439555 -0.3215092943421945 0.7521246405753256
-0.2948157304817395 0.44811377906161914 -0.320766463453496
0.28343558326293283 -0.12921303426686545 0.6903830225160924
0.42855382876536036 0.8250144587249869 -0.06665945859494901
0.16815603070229435 -0.545275437342127 0.4345788698898853
0.41506261205075756 0.5806795447248903 0.5971166793422032
0.18851209524267892 -0.5450429369831992 0.02697188327439042
-0.2826644113509881 0.25932613247721686 -0.6581690702625995
-0.5564282032944697 0.7832943137808962 -0.19070572482812378
-0.3200014170037816 -0.8834477370872774 0.2921526085105461
-0.26028300688928957 0.22633265453161636 0.05555453535790668
0.5644582946818893 -0.2978198423343778 0.3323581820963476
-0.17637902241572342 0.5234318649471731 -0.6228145009035332
-0.3688932417655199 -0.621250869534656 0.18654732671731747
0.20367500980868333 -0.7898204157279307 -0.11274224662060744
-0.5391725897330354 -0.012785633914839585 -0.5101712319583392
0.1016705218029032 0.2802408703048502 0.6682568027311017
-0.027710386149023474 -0.16398331141474062 0.11968414910559123
-0.28443088802990085 -0.41617731537377767 0.8120847451380977
0.03604129597077106 -0.2505278738623055 0.79990514306838
-0.5527297736277466 -0.22598278341735223 0.3085549396540152
-0.3124724202635594 0.25388292989341293 0.7583706574994367
-0.09303462936187673 0.23165150145311628 0.4444154396967261
0.013748707390358548 -0.9422640835208154 -0.013541254120923819
-0.34396916093352 -0.10689503143593752 0.19412793548524093
0.7152909030403565 0.1463966644301487 0.2800579172379903
-0.6415116573981156 0.24475814270022003 -0.21769836601501588
0.19132539141520785 -0.2388034869286311 0.42506551318936975
0.2874475974972419 0.41254963673993555 0.8122415262494849
0.6172693411514624 -0.40172170717223693 0.27574024395521346
-0.09056893423624758 -0.1175721721416271 0.5634216742090487
-0.5360872968162821 0.09849898134780717 -0.4789765004936365
-0.1444603238095445 -0.3636238950071357 -0.44556887509773335
-0.5315926126825447 -0.5479153298773257 -0.28373356923549403
0.43693060201813155 0.1964633419111552 -0.5596647474998572
-0.4312697340760475 -0.11074503751933817 -0.8876055064611595
-0.405873155391521 0.6627561447405326 0.4919643813729568
-0.833800325983101 0.1617182734391588 0.06541605462173704
0.41260576551223116 0.25553289055732087 0.6591661324349111
-0.3598577305255705 -0.40481513028802346 0.8313946882979992
0.8675908076030605 0.1293491210653243 -0.4276336359394865
0.6737440501626563 0.32576967860914585 0.013769950723959593
-0.1970085134970931 -0.9260327900066051 0.1527551364962301
-0.37077453273627325 0.8062639094010703 -0.2575869165785311
-0.45700438863399934 -0.7364759777807797 0.0331017853402489
0.8362859692709156 -0.2786476083884203 0.18369835603407875
0.1929607471574936 -0.16961008338691808 -0.12111407193669096
-0.7445715781214648 0.036948964115091826 -0.10235340799611749
0.6629314431368284 -0.66381651511886 -0.2500448363335077
-0.32294436056385295 0.5939763019883513 0.505018766844948
-0.0536669934535965 -0.5511913988739197 -0.1403071941689425
0.048484297880613376 0.05676415540564966 0.5195977526200836
-0.31047045981628085 -0.5078889727394367 -0.2438316153622509
-0.6326094701397413 -0.03132988150716008 0.11851320781529585
-0.8076640188175941 -0.5381434094446179 0.006735917917079539
-0.19521776680179911 -0.24798931134589086 -0.5196760906047866
0.7995670918156245 0.5410416735074715 0.0791168297111644
0.512156472955501 -0.6898766549114704 -0.29317270636415754
-0.5687855969430127 -0.6900271716308327 0.23354781118227746
0.21693232910205112 0.8808508721108673 -0.2045458095091449
-0.5146302301418026 -0.2689811050191396 -0.2889443342066752
0.1419635972012659 -0.38443576916740696 -0.39509911194318076
0.35152975359453636 0.05100019171705402 -0.22742812460449416
-0.10705772328345099 0.509602748455622 -0.278847215246371
-0.32725816529604435 -0.632154720430377 0.5195893066682429
0.028930396553016543 -0.5800827937429699 -0.1409180557289918
0.21558723279798783 0.45192132613489183 0.012583550714731067
0.5917806470471768 -0.4651052740332027 0.027887116351037664
0.06082861345239498 0.46338573855256315 -0.23465519305965313
-0.11558237430818812 -0.054752599076488745 -0.4835638755952265
0.40314409279089664 -0.6604705283523818 -0.1849724831935525
-0.362640455418141 0.8855154695367996 0.02464854073920454
0.5986211211887636 -0.21233202383024694 0.3413961654188334
-0.027747556339098128 0.3424766300460985 0.46221179291577585
-0.37367388577628535 -0.8245010928630238 0.396163434702013
-0.29955631667586685 -0.20645748053033022 -0.7589968257430479
-0.6403142649276579 0.24203825301112197 -0.19398315039580008
0.7282748502748186 -0.6077434059875456 -0.07061417518041205
-0.358080075160191 -0.14938670360259215 -0.5547417522759452
0.2806926891385067 -0.935047002598007 0.21332042239843751
-0.7066532904066671 -0.20813568995048473 0.12914677353908727
-0.2080696944785933 -0.4231231258725811 -0.6382589633437457
0.47707601157296214 -0.37720777693539503 -0.6948994877444724
-0.24818048449367736 -0.35683547084083217 0.6717248556302625
0.3825159500183171 -0.16031003407798308 0.7717556628898858
0.22088778450421767 0.7354134653483283 0.16326173819703443
0.48979040106786814 -0.21311393170974283 -0.7447351763061633
-0.005685789104650865 -0.07538030202567736 0.9811006635869353
-0.1484361113297174 -0.5633314168175598 0.4797509395892208
0.6084114628711481 0.23066890623486316 -0.4731322402502077
-0.62887702677598 0.7044704409039022 0.023291705254520657
0.743148248134803 0.06345826514327858 -0.47939867968468897
0.26637308166746054 -0.5653547131280054 0.2623046741486702
0.21512294260814752 0.28569417005429837 0.2261899169622305
-0.14803583803168005 -0.5447888076960273 0.4699004303664985
-0.8774386179496922 -0.0476477937904804 -0.14301365848913788
0.11176854262222494 -0.13456210360031826 0.7816599369001415
-0.3481435237275544 -0.5666291518476717 0.6314479958459838
0.8332498057107087 0.2792636967180586 -0.3088183507967797
0.4588180053974737 0.420560579402647 0.2690280633621842
0.5391825347269305 -0.7801541135791098 0.26634705818340704
0.4864946555777437 -0.123565200158963 0.3966184073193819
-0.06618365062714453 -0.7928926274564762 0.45894399501829414
0.33583748172093936 0.21424724716885268 0.20858661056947378
0.44197597636933655 0.4049244599396802 -0.49326058224165087
0.09299997205272882 -0.20606638476860753 0.108503868660733
-0.08712442904546917 -0.24799690209547906 0.7230629832041282
0.11082824679351837 0.7502714376890116 0.6062537452329757
-0.5758669738711989 0.5398778490602363 -0.5349141737596621
0.6481132392072956 0.09834630019329306 -0.5794503819645225
-0.09709842280404994 -0.1659592845307464 0.6200111421057274
-0.965627129365233 -0.09288963273547865 0.22254086544129165
0.09484891878523194 0.8793487729809234 0.016206541153771393
-0.31127450083870606 0.6023826077938627 0.3350525200349554
-0.20688828570729817 0.4715571465654757 0.3068662497437965
0.37884347280653424 0.5200504636488872 0.7019513064084238
-0.3953676890329928 0.09151659185725462 0.11115183601143405
-0.6628089858903412 -0.4141177000312267 0.16019178702388567
-0.6051436701958816 0.34986964181142677 -0.008303744192067749
0.3743503519876235 0.2445369050358436 0.26253032316750957
-0.27779222287689975 -0.08213489495198462 0.8178844202890341
0.7441681896271212 0.27338105333257895 -0.029566592058675192
0.3103418216025931 -0.765338723901573 -0.05557253136493302
-0.7371100656728583 -0.08893255794359772 0.4092962354997701
0.1556096707974226 0.66567524257654 -0.5429706797487655
0.5133085479493558 -0.6718063464397018 -0.17554769440164902
0.35868934071345004 -0.15088500591937598 -0.5538834903384265
-0.27332681232756956 -0.04229990477567648 -0.946267595040729
-0.11739238845121938 0.3651357254626573 -0.9164634569232455
-0.7012707510185477 0.29437544889566797 -0.2789511819890553
0.0120395794406241 0.30073081448648925 -0.55249321543944
0.40965568873708424 0.6586483272288841 -0.5098807976574712
0.5430493343111125 -0.40361567309056384 0.2798630829144684
-0.5081470389512487 0.09902445466511471 -0.47262697002535814
-0.13509982895312514 0.21055826270213665 0.7086822283349941
-0.13318306836211524 -0.4673907470313053 -0.4492076108818532
0.22372069071983772 -0.0255812438101368 0.5755539121447565
0.0009378588878166025 -0.5450620465023578 -0.4519854979792044
0.14355774603432525 0.6710008263158204 0.6041965310914843
-0.009046140144015138 -0.2042474044713364 -0.8401781352063441
-0.7105939493419142 0.30663704806795 -0.2145775243197943
-0.3059864875465666 -0.11985465249505309 -0.15527695940522285
0.05852944383737461 0.5041694294029228 -0.6159693980925444
-0.13220764540717436 0.39042814470313697 -0.709521459938228
0.06216356961271178 -0.46763988954952235 0.14545592686805767
0.2740732569999346 0.29828555482142544 0.20427579278822483
0.5430482300066555 0.1814185668745758 -0.7026174901163973
-0.43204442735504345 -0.6405179344904449 -0.27062575700612684
0.13126411491685966 -0.7010509268755786 -0.6680725607418514
0.15477743063763247 0.085176547962938 -0.07396191819792808
-0.359959600422625 0.5997572134771274 0.22513382748576027
0.23977038887583574 0.24772884488062744 0.46404030895362913
-0.06406852331583439 0.5360324993097099 -0.6963069636134067
0.15201288176680713 -0.4856234563553725 -0.6402076393715429
-0.10875484713142969 0.11923187376749317 -0.5713166704445548
0.5787947746803946 0.5134196667309313 0.2636151125727314
0.22951571815630145 -0.30877284148869594 0.5926510145787317
-0.5334236334614134 -0.07037969889851228 -0.37581943403018664
0.07092584410001723 0.01938761853262256 0.9767638374458005
-0.3798665673307964 0.8611171929516953 0.2913131249338102
0.317064193722191 0.13397799440964234 0.4073672272257864
0.5519909531228576 0.11401037773860817 0.24786399816846208
-0.5612920592726486 0.5961099613967001 0.07652673815985504
0.5502809622108435 0.1595793609301631 0.5799706135853177
0.17138121931324934 -0.07977305724027171 0.7015358548841684
-0.5126370314304852 0.09366767164409774 0.057200079022193116
-0.12919297166404356 0.5829668764591477 0.7916150186660507
0.47805332664240624 -0.41749242552799376 0.7191255534185527
-0.6386946663388301 0.03999070438875742 -0.42700439764665316
0.126111573491459 0.7158180905175374 0.25219930171194316
0.5002078265173121 0.6649318842813027 -0.10146911010478862
-0.29101996192433455 -0.6709543477704943 0.4189264570024149
-0.6712402683480541 0.04138618916671491 0.2905181661685268
0.1463010089056355 -0.012721432135293467 -0.02042949656939906
0.4459907193315592 -0.8828243460443741 -0.1194876927945386
-0.5493163785418052 -0.4102076444147675 0.4416895272775662
-0.36065677116798067 0.09109386547735879 -0.07750240206996556
-0.4058967579588106 -0.5952316978631907 0.6278075663060257
-0.3361011956191386 -0.12616434789207115 -0.5422225947450603
0.12402893282168931 0.42652626274532385 0.22076705928899484
-0.20324900133522378 0.4135873027827088 -0.6537335845072714
-0.8248475069214783 0.07932511015567967 0.00226953781025914
-0.3827677253955129 0.5263860848257116 -0.644711999962978
0.6355189721612685 0.2012478786838672 0.18022140858063557
-0.6008606383872278 0.10106619180583418 0.5561664281313321
-0.8283877117714875 0.47205753008334006 0.1611428685031725
0.09723497132215596 0.010326508675334092 -0.49811334598104984
-0.007575217662977401 0.6459175584069102 0.4340024214333522
0.3935099423414609 -0.7322828072559334 0.2869940218368486
0.5865786843598154 0.19202839713421574 -0.42028494907190045
0.21368131465999 0.3747076643704152 -0.4715840765904024
-0.08472225251680784 0.4911308802547802 0.7280041807149649
-0.2771693852274048 -0.027957398370474614 0.7958142568274542
-0.24397471750122515 0.3903875293896517 0.470822633246784
-0.6194655827041871 0.4334098410390283 0.39859659795526675
-0.10551417801644163 -0.3222824599222748 -0.7896705081819745
0.5751422963208044 -0.2884846180553833 0.6761258302317089
-0.4509689640399782 0.17479342127200184 -0.6196972296979718
0.5322909472774474 0.45318816280306806 0.295347724140095
0.045238416450713546 0.03253611320347683 0.1975622765088302
0.6328729146107266 -0.7337710666260981 0.14598613551480205
-0.42774583701929825 -0.4368425120852679 -0.026895925891631176
0.8206393679712644 0.07053120452832944 -0.4230408440490885
-0.2671777408948417 -0.4442159855239024 0.17793376251355755
-0.7347727573813577 0.3827400320152529 0.5235728643296484
0.6217687347678683 -0.09627559889036064 -0.3655104854628523
-0.17890381125101626 -0.17293974058035286 0.937188916785989
0.49824612121946893 -0.5419148420563592 -0.06890685393027683
0.019170514878193923 -0.23650620543809758 0.03487254771254994
-0.40870854729228606 -0.0158458752825621 -0.4747932270620856
0.22594584130993114 0.5691851183150942 0.36265533522048643
-0.10710691344015431 -0.361238639635473 0.8154344896307993
-0.08522115968863532 0.3094258885722586 -0.38252472627760215
0.4760128880319148 0.41073590634946966 0.3507726484725435
0.4375566158194123 -0.10331570316186757 -0.015406967756809624
-0.6868911093071938 -0.22904079793659898 -0.062292986835485016
0.41284057404032554 -0.7325178420391413 -0.38362358456375306
-0.09716042925552017 -0.584451724963963 -0.07523783775528357
-0.1882480982448202 0.17075791849610292 -0.5597302110470889
0.11775374763450985 -0.748810364702537 0.25344803003748856
-0.18438513441101104 -0.23148048275932134 0.16757288350495253
0.30268117342867285 -0.30347847757605256 -0.3264767600081544
-0.42687489413448726 0.2166888303975689 0.34742409175551514
0.7773232808629149 -0.23675326351176737 0.36437051728997744
-0.5036285331427236 -0.48479922469920644 -0.11265959007807007
-0.23069277484600498 -0.8812661560285028 0.03441094856167974
0.23440635942840343 0.2050938264661048 -0.6811579916784006
0.2107861307049265 -0.13226304681906473 -0.9120660590135703
0.5043986619801776 0.10404515661700503 0.15043459998098282
-0.22890128105849206 0.12163293367822997 0.39192195654700246
0.13297492440311998 0.04147925071227459 0.061220467046601
-0.5074438156410022 -0.15425117422129123 -0.07829440430654207
-0.9159270301018606 -0.24658024801035452 0.15442272554923883
-0.08442069862003292 0.6920576222860095 -0.3985038265176701
-0.21966110020583282 0.7088099174437178 -0.511689669854527
-0.4618179307873142 0.8023145412490245 -0.36813118909178166
0.46969135790157074 -0.19601045362014904 -0.035731195124878073
-0.21454677542531098 -0.6463002076248551 0.05609492899386675
0.24062345394882437 0.34909327926204137 -0.4137509129118511
0.06449604475831994 -0.27528156593202213 -0.35829190143484957
-0.30513323797885 -0.5552610491124876 0.6036464479523345
0.7327558956753433 0.13704878154289998 -0.22980918465939645
0.15549385351613734 0.09832379603128552 -0.48628225992566804
0.5193829871786142 0.14430307007028717 0.5065041823062941
-0.1840367757919936 -0.10698052123898515 0.18813633445992695
-0.13424755116840287 0.7714204026979776 0.41972332705297366
-0.7829406582982409 -0.5590961595705576 -0.25063732480558715
-0.5274358300904679 0.13485314463899584 -0.04024756345626634
0.2146830762465979 0.3627269446526209 0.3322136305316982
0.11492940723777292 -0.6227113981195835 0.09618263190058222
-0.07388953583831685 -0.130161261997352 -0.9306354953727682
-0.7814455153333385 0.42572379996752124 -0.31887880676424196
-0.7798450989077418 0.0027796818579071216 0.09166165763727523
-0.1088130869338198 0.6013253955140103 0.6727537417340307
-0.04373248766560538 -0.862512126177734 0.2434326736009259
0.3340632866329627 0.5843887448265244 -0.10414947794591717
0.07151562406772013 0.5397720866820257 -0.11770556517365413
0.7980708001639156 -0.4086449602916359 0.4141899851067072
-0.0522498871516596 0.29836997480217914 -0.21230384375496808
0.7156373595227619 0.058911870629795506 0.6645309341453052
0.7261386748237801 -0.5032437173943708 0.037384232728130296
0.38513770609982645 0.577393720847145 -0.6006012059490362
0.28491757390406935 -0.49584683822376097 -0.3389294569864167
-0.2055390272421847 -0.6672474238682377 0.6402087639042214
0.3480903899474099 0.2294653215592468 -0.6362527149879708
-0.07062786712038269 0.16604763826838684 -0.3827344062836563
-0.8056985369078912 -0.1321076149397614 0.3144355590393611
-0.05834612257363105 -0.23779830662157977 0.23077443359345612
0.8132324560743596 -0.4048450090574429 -0.05359930494577196
0.4617561953224807 0.4578593201596358 0.1218365115246897
-0.7365915570620072 0.34308567802734874 -0.03325401403266671
0.2351622483790299 -0.8264016163935838 -0.23551244825490358
-0.38140532489362383 0.5141138997838787 0.20433538062003725
0.14852324389108112 -0.002395644892550658 0.9647789220338662
-0.23138750330384963 -0.2696901768612989 -0.9124029634514252
-0.5225353129829166 0.418269429748282 -0.3274050704973711
-0.27169284096210605 0.29971187527704196 -0.22262194849181233
-0.29308459704716 0.23955977273174195 0.20836926534347466
0.4491675745019582 -0.4656184788254719 -0.5247367775366721
-0.46804604213610573 -0.100746796733509 -0.6048960871880026
-0.46276173100919005 0.18476085076093646 0.24647669379363668
0.3557286975894084 0.014762007819412431 -0.006640526216002315
0.09602694978277797 -0.9394151112588762 0.15651269170388532
-0.2933277970861496 0.6071016892594872 -0.030176978711505105
-0.8389235235012403 0.29286034388067583 0.09675362874779615
0.8087614277092489 -0.5138031658426557 -0.19309539382225993
0.14252226681403712 -0.4439312226948665 0.195350123911783
-0.4613685453852537 -0.05118824162782523 0.4226525204425608
0.1466904635286889 0.586224941833005 -0.6896310025937028
0.2718805697632949 -0.5362926547066246 -0.45758974358206056
0.11565455615183864 0.41907386860894075 0.30986083530557573
0.46134304386684866 -0.34296519443608664 0.4216685203094191
-0.3557516222732299 0.005052789540945147 -0.5305480176928455
-0.005850826537570483 -0.5613712886226172 -0.4985900763551105
-0.06724109736575559 0.34223069768194236 -0.4394458861383048
-0.24948349943667064 -0.3057740083005685 -0.10511715929860505
-0.24337852182380953 -0.645304636286478 -0.7153143470647908
-0.574254490540502 0.5287753518790256 0.13320620497359967
-0.44737489636766575 -0.6637440399024639 -0.18624989717262516
0.7379973444470331 0.37850677709767694 0.27135856738338293
0.3425840998226299 0.5555796735875517 0.5099733467203031
-0.366044291516566 0.04801004295432473 0.062090787704506344
-0.6909669466260953 -0.11966277272784788 -0.42078051013674916
-0.017272379587247234 -0.42854256486638925 0.5954075033305442
-0.6106209995076499 -0.4821280027872546 -0.5311469015271862
0.546243348308211 0.41177648558023633 -0.2567160018258508
0.28037926746624076 0.6232584862457471 0.08596639257201469
-0.4153100335209981 -0.10117012055514278 0.7328989462686399
0.8532718286096633 0.15850420153435557 0.25951739018720543
-0.11904895523673714 0.1584082601590333 0.7262850864963222
0.5900668588788672 0.31402017730386544 -0.44618004371312003
-0.39775760232921537 0.26656424136362106 -0.5153428379339199
-0.6670447348553482 0.5452283910272199 0.2976748589765832
0.19701885655646234 0.9053927375308146 -0.1543691956703083
-0.8002907149574693 -0.054417690085606464 0.19997422311554033
0.6276762593370889 0.2985517593747357 0.6726412329461079
0.08884145394525046 0.03649103382698358 0.38621173027747174
0.17487686947483197 0.7536956367380397 0.4164944555477451
0.5907231170422942 0.5050134572522115 0.5780226130969618
0.41263630165069026 -0.41423865939661814 0.6747523492427152
0.008333804759475706 -0.662931309252025 0.05151700499771065
0.2116483492003299 0.7352703181857274 0.5773258330098802
-0.020852916583514264 -0.7714726170342142 -0.529471842179181
-0.19233007987746617 -0.0005840155831268282 0.6291958611349366
-0.16506906327470838 0.23136946953003498 0.18939504116487346
-0.5349683805421284 0.23319441086777976 -0.5693481430998826
-0.644215238214594 0.7432534138515975 -0.06579948125711728
0.08960816401391612 0.18544923693130982 -0.7587233732339603
-0.013159627800458347 -0.23366523717306117 -0.1330787667942236
-0.29158189342764557 -0.26431960143112315 -0.4395215878408458
-0.8487403893100134 0.013850813497882355 0.24755271215075098
-0.03962895581686454 0.5533726688876346 -0.7326722494981844
0.330516038098781 0.7575272756869939 -0.006915834443615008
0.2480221065324375 0.6663207053341689 0.5359073063585089
-0.1332757166780626 0.30643820351032575 -0.6611623293527482
0.48318980010999635 -0.02759027696186017 -0.07532898290679234
0.8242801276652472 0.36041080677543064 -0.16354218401042547
0.5900244481848279 0.23514597417537525 -0.018971224815848363
0.38227335114705163 0.675928171050518 0.4814341273934322
-0.19455449133822267 -0.16883759640284057 0.0009738487644965335
0.1832125230050656 0.586572023633779 -0.2825082715905913
0.3070544789101741 -0.2561420646570067 0.27218149783450607
-0.07334521465880695 -0.25162555191154723 -0.5411616666637294
-0.7262014068107805 -0.2870573452366317 0.07525702639499189
0.13819199009878974 -0.36148480301701075 -0.05527701601210472
-0.2821608086613864 0.36127621170655067 0.3087525232310508
-0.601637152653873 -0.5288139386209849 -0.1616587888879003
-0.16649563769044165 0.31459415728260093 -0.423007349709093
-0.11691151676159126 -0.16748208675579773 -0.3554067443789625
-0.559725713315853 0.04002854814994437 0.04747243776321717
0.17335982687769053 -0.7696508418939679 0.5346112104152284
-0.06261899508800818 0.17268150624040315 0.46863040670534695
-0.02745464725439921 0.7788170051314988 -0.11172619359352308
0.5895456395875807 0.02629250225776746 0.11242467632036873
0.475368622072264 0.41877162450668975 -0.5206077194536947
0.35646855955081663 0.4835459084297057 -0.5062197210041472
-0.361504699999233 0.5932453815393228 -0.25681248775911153
0.6258967653044838 0.5279123690965599 0.4936198205071522
0.41324039803750107 -0.5212105687365537 -0.20632467267734103
-0.4111815134612001 -0.046824717805207576 -0.07706658536022863
0.9223471353979593 -0.14444299078604783 0.22770856358665562
0.415341316883909 -0.11844537744854158 0.49026929527645663
0.07277508627496011 -0.20610969773601442 -0.6721703433252374
-0.28832304799416486 -0.2433021230195198 -0.608354842081599
-0.47424063581856074 -0.18441225092862665 -0.053688213751358474
0.7507242620479373 0.1484140940236716 -0.4991669299059658
-0.3619204536248366 -0.2673697730661566 -0.40594699512050575
-0.12711376557889786 0.13581916290445561 0.0739688946838156
-0.04889322815268591 0.2943357175476833 0.6628696338065122
0.5997361724343847 -0.1411058580397539 0.04266524587706444
-0.18869014183849098 0.23338041887978336 0.8027232546943494
0.23422860783857627 0.01478235921336684 -0.18913498310537918
0.16741425504879345 0.5309427892625617 0.7222090158283009
-0.7366375927372425 0.2556429624617403 -0.5540380845262449
-0.511305036217999 -0.8080140323857731 -0.03699643321255125
0.039813186936698365 -0.9125235239160535 0.17812976764193825
0.06582480103666048 -0.20778471872404033 0.779241846327511
0.08392517040812404 0.17459713473409125 0.009568249424927547
-0.5395536034189342 -0.18150063485801007 0.33410168399802065
-0.5714743434451425 0.10836198926369435 -0.5704599685422699
0.2100219838713778 -0.3510696636575683 0.3808798471878685
0.2700968135326969 -0.04468958897052472 0.4257293551432387
-0.13822709152641538 0.3062563827035409 -0.9226320121497058
0.19334742388178308 0.2448613236963572 -0.8553762324532068
0.33375884524762534 0.41056409057761106 0.03104114232730088
-0.5421347416820168 0.38979459352034634 0.28974119489132627
-0.172388163631078 0.4265627795337285 0.29864995856204474
0.02183715540144539 -0.40672098168678184 -0.10363291612619396
0.06950014387094615 -0.8802531350098752 0.21061477126566114
0.6970081262075937 -0.13870687559085654 -0.2375376767575432
0.5974913460955635 0.6009724516560547 0.12359344627033304
-0.01109011031658041 -0.1591532665942119 0.5880584358041575
-0.3717830916209882 0.28412923504868504 -0.8271549258835401
0.14572283252847018 0.6444312615365873 -0.3477866772944974
0.7742189477148098 0.3211261884347241 -0.0066490795327170645
0.1882644855413496 -0.5233529740312668 0.7737993919081017
0.21069852363047228 0.5128728032516382 -0.32144839500452155
-0.698540350427269 0.04630503937215245 0.2303767219444772
-0.5984575159475762 -0.33800970609641 0.5055973309211631
-0.6518782825046441 0.34677795728477556 0.42281503417149585
0.22248933264243023 -0.1196482473490146 -0.7024346649375907
-0.47693287866742956 0.580673386086708 0.4288880419672493
0.1826449505704674 0.49926153823445035 0.6337810525000761
0.6488117010736203 0.1925049967918223 -0.07999619417618137
-0.45288837157905454 -0.6793439644372923 0.0661914824811811
-0.0377687605117698 0.1402727649291645 -0.37793461505655734
-0.5348884090375754 0.16688376715925632 -0.6569507048124225
-0.04823161018317884 -0.49803506658533486 0.02822524179109691
-0.12336408695598847 -0.017590112854105354 0.5775654795956685
-0.23360891252446617 0.42793809081911705 0.3552471422568085
-0.07195538454950924 -0.6858982367202056 -0.4186267198781611
0.1367620098228186 0.04215748102659973 0.22907825831144701
-0.2842268347082997 0.19734704978037967 -0.5596256570983785
-0.09284557641107867 0.1427438135831707 -0.5923896459957827
-0.6335645761740032 -0.1465462172012712 0.5580818291241721
-0.37654788395470473 0.8748337700489455 0.05003167624624957
0.3311607037641588 -0.7452411633509499 -0.28026152386066827
0.5741830823236223 -0.3388929776604378 0.20458349143346496
-0.5272717121464172 0.3225601256912706 0.34000048902213953
0.08123648033131255 0.7581441456962297 -0.17212179199672117
-0.08955698863666836 -0.7621500152114804 -0.39943874481989333
0.7575279185632633 0.13318654143633793 -0.09678678201454237
0.21839452019940106 -0.17967948836341385 0.2476532655270623
-0.786323710943814 0.1295060042592877 -0.053421543518811905
0.3312900155118742 0.04293732411947849 0.6817313522545041
0.4719049289925251 -0.07653207076323096 0.804107646153559
-0.24106466915255845 -0.5100956669961724 -0.3369343191131019
-0.4158633094191515 -0.6991034694007578 -0.5018095893027043
0.5958362280742152 0.29212447042793344 0.319579710223851
0.08311605390734017 -0.7243314403180474 -0.29085380518464726
0.5217572382284773 0.37751133292388933 0.5264795419120664
0.6636538310879663 0.36683271259637573 -0.13999403363979737
-0.5354251230541591 0.8009435285640641 0.12426154398329432
-0.32953708795611486 -0.2723624539230317 -0.8859931312663835
-0.1345353817961492 -0.028684586370952628 0.08999175549023315
0.1433060216058095 -0.8034008327413987 -0.15117156560948064
0.3202939743748152 0.72035755342994 -0.05146602369992957
0.16307879598944086 -0.46109605162486067 -0.339157098253872
-0.37796191452214634 -0.3223071025626806 0.31464759068642917
-0.3849196360691323 0.45377533805078585 -0.11604807683803545
0.2300077646904428 -0.28669360601306876 -0.3713893000739383
-0.03046435024949283 -0.20790185603171374 -0.9710644901655948
0.25415716778531 0.3958570665928813 -0.1864864433580963
0.7754960786288156 0.356858156704945 0.032315762160264355
-0.33709542255901775 -0.4182385793394894 -0.2264859684682528
-0.09782862484993857 -0.117307554563565 0.8223586351155053
0.13096461904779833 -0.22473343722386413 -0.5617650037682453
0.08765842075555944 -0.10607776833768477 -0.5782959573325209
0.30979356223269516 0.3179348691445224 0.5481836355253683
-0.3610387937737295 -0.19942284926845036 -0.3396455911780852
-0.08950038267863679 -0.8826875629044341 -0.42324420132099244
-0.4252993475674278 0.40904207390800434 -0.6642523308119465
0.49915121136078916 -0.23436106398870085 0.7064942164439562
-0.4970854583847693 -0.3132919902038716 -0.5665830543779548
0.6174824778146478 -0.5110019727450852 0.09304238570731559
-0.22661920278322842 -0.30384868234578155 -0.22692008774297678
-0.28866546431365936 -0.4626346537344531 0.2791893229407388
0.1114890306026459 0.2459340679133063 0.722317456870966
-0.05550247223173055 -0.4400500311805189 -0.29180424615892914
0.234830946341293 0.24276009751071662 0.5700324890411779
-0.44221560146611066 -0.25195943572309504 -0.3917806621958182
0.5752917485812136 0.6546059861216251 -0.04033375022522116
-0.0918753590243594 0.12390028958264004 -0.14990535907087152
0.1706782538623083 -0.14472904511252188 0.3953559861057766
0.520534045052985 0.013451732915021492 -0.8309160725827807
0.4168887696490015 0.7690011336371702 -0.24508081879955412
-0.47390340559459176 -0.2227760641875435 -0.7661741781007246
0.40368055686247173 0.2018987798423117 -0.7330841312731537
0.3267489528261378 -0.5516103882605377 -0.01750921559463365
-0.07419565040233957 0.520838250507034 0.5270554715720103
-0.20212724133048535 -0.8077482536754359 0.08105848687010825
-0.22402629813279373 -0.5685886142456016 -0.7753407807522473
-0.5456888922376321 0.71023299678588 -0.17956892088082557
-0.07114555835197679 0.19733568575788912 -0.532942875788529
-0.036757853086082544 0.8265238848290439 0.1195203348918736
0.4304672305770318 -0.6970390845392886 -0.38327626467043463
-0.3100510908228957 -0.4444934127723789 0.5031684228304852
0.45209569987316817 0.1762470747465882 -0.12621503797334888
-0.0009689310863255034 0.16996387674879615 0.504578056466603
0.1025053825959672 0.12041501288386668 0.7061081845505165
-0.3224107304805131 -0.20475680180302033 0.8172890627542521
0.1699086679038321 -0.674658781200076 -0.6350567765530976
0.5631098870528427 -0.5773509187661515 -0.3980895676109616
-0.06923258521968076 -0.29787363600825956 0.6395997775507772
-0.2885636835406983 -0.8593737421552227 0.3785567656475721
0.31812433352634767 0.6139395542640165 0.4394600238062643
-0.09539904926898071 0.11391517051003507 -0.806361444522767
-0.050587248697204275 -0.5371395078261324 -0.09401749153980254
0.8563925528882615 -0.16270467628423346 -0.08842308946370334
0.22052697362429233 0.14679861125269933 -0.9261902925586747
-0.5129625905760736 0.7480538544696674 -0.0469100039749575
-0.3132091705602063 -0.7737907446998742 0.42355981914392515
0.3354311117369332 0.5769892139603237 0.022633904674884686
0.15879595883270442 -0.5443623888099692 -0.6339362838999025
-0.2192122406909952 0.8343042330414093 -0.4713804861244317
0 0 0
0 0 0
0 0 0
0 0 0
0 0 0
0 0 0
0 0 0
0 0 0
0 0 0
0 0 0
0 0 0
0 0 0
0 0 0
0 0 0
0 0 0
0 0 0
0 0 0
0 0 0
0 0 0
0 0 0
0 0 0
0 0 0
0 0 0
0 0 0
0 0 0
0 0 0
0 0 0
0 0 0
0 0 0
0 0 0
0 0 0
0 0 0
0 0 0
0 0 0
0 0 0
0 0 0
0 0 0
0 0 0
0 0 0
0 0 0
0 0 0
0 0 0
0 0 0
0 0 0
0 0 0
0 0 0
0 0 0
0 0 0
0 0 0
0 0 0
0 0 0
0 0 0
0 0 0
0 0 0
0 0 0
0 0 0
0 0 0
0 0 0
0 0 0
0 0 0
0 0 0
0 0 0
0 0 0
0 0 0
0 0 0
0 0 0
0 0 0
0 0 0
0 0 0
0 0 0
0 0 0
0 0 0
0 0 0
0 0 0
0 0 0
0 0 0
0 0 0
0 0 0
0 0 0
0 0 0
0 0 0
0 0 0
0 0 0
0 0 0
0 0 0
0 0 0
0 0 0
0 0 0
0 0 0
0 0 0
0 0 0
0 0 0
0 0 0
0 0 0
0 0 0
0 0 0
0 0 0
0 0 0
0 0 0
0 0 0
0 0 0
0 0 0
0 0 0
0 0 0
0 0 0
0 0 0
0 0 0
0 0 0
0 0 0
0 0 0
0 0 0
0 0 0
0 0 0
0 0 0
0 0 0
0 0 0
0 0 0
0 0 0
0 0 0
0 0 0
0 0 0
0 0 0
0 0 0
0 0 0
0 0 0
0 0 0
0 0 0
0 0 0
0 0 0
0 0 0
0 0 0
0 0 0
0 0 0
0 0 0
0 0 0
0 0 0
0 0 0
0 0 0
0 0 0
0 0 0
0 0 0
0 0 0
0 0 0
0 0 0
0 0 0
0 0 0
0 0 0
0 0 0
0 0 0
0 0 0
0 0 0
0 0 0
0 0 0
0 0 0
0 0 0
0 0 0
0 0 0
0 0 0
0 0 0
0 0 0
0 0 0
0 0 0
0 0 0
0 0 0
0 0 0
0 0 0
0 0 0
0 0 0
0 0 0
0 0 0
0 0 0
0 0 0
0 0 0
0 0 0
0 0 0
0 0 0
0 0 0
0 0 0
0 0 0
0 0 0
0 0 0
0 0 0
0 0 0
0 0 0
0 0 0
0 0 0
0 0 0
0 0 0
0 0 0
0 0 0
0 0 0
0 0 0
0 0 0
0 0 0
0 0 0
0 0 0
0 0 0
0 0 0
0 0 0
0 0 0
0 0 0
0 0 0
0 0 0
0 0 0
0 0 0
0 0 0
0 0 0
0 0 0
0 0 0
0 0 0
0 0 0
0 0 0
0 0 0
0 0 0
0 0 0
0 0 0
0 0 0
0 0 0
0 0 0
0 0 0
0 0 0
0 0 0
0 0 0
0 0 0
0 0 0
0 0 0
0 0 0
0 0 0
0 0 0
0 0 0
0 0 0
0 0 0
0 0 0
0 0 0
0 0 0
0 0 0
0 0 0
0 0 0
0 0 0
0 0 0
0 0 0
0 0 0
0 0 0
0 0 0
0 0 0
0 0 0
0 0 0
0 0 0
0 0 0
0 0 0
0 0 0
0 0 0
0 0 0
0 0 0
0 0 0
0 0 0
0 0 0
0 0 0
0 0 0
0 0 0
0 0 0
0 0 0
0 0 0
0 0 0
0 0 0
0 0 0
0 0 0
0 0 0
0 0 0
0 0 0
0 0 0
0 0 0
0 0 0
0 0 0
0 0 0
0 0 0
0 0 0
0 0 0
0 0 0
0 0 0
0 0 0
0 0 0
0 0 0
0 0 0
0 0 0
0 0 0
0 0 0
0 0 0
0 0 0
0 0 0
0 0 0
0 0 0
0 0 0
0 0 0
0 0 0
0 0 0
0 0 0
0 0 0
0 0 0
0 0 0
0 0 0
0 0 0
0 0 0
0 0 0
0 0 0
0 0 0
0 0 0
0 0 0
0 0 0
0 0 0
0 0 0
0 0 0
0 0 0
0 0 0
0 0 0
0 0 0
0 0 0
0 0 0
0 0 0
0 0 0
0 0 0
0 0 0
0 0 0
0 0 0
0 0 0
0 0 0
0 0 0
0 0 0
0 0 0
0 0 0
0 0 0
0 0 0
0 0 0
0 0 0
0 0 0
0 0 0
0 0 0
0 0 0
0 0 0
0 0 0
0 0 0
0 0 0
0 0 0
0 0 0
0 0 0
0 0 0
0 0 0
0 0 0
0 0 0
0 0 0
0 0 0
0 0 0
0 0 0
0 0 0
0 0 0
0 0 0
0 0 0
0 0 0
0 0 0
0 0 0
0 0 0
0 0 0
0 0 0
0 0 0
0 0 0
0 0 0
0 0 0
0 0 0
0 0 0
0 0 0
0 0 0
0 0 0
0 0 0
0 0 0
0 0 0
0 0 0
0 0 0
0 0 0
0 0 0
0 0 0
0 0 0
0 0 0
0 0 0
0 0 0
0 0 0
0 0 0
0 0 0
0 0 0
0 0 0
0 0 0
0 0 0
0 0 0
0 0 0
0 0 0
0 0 0
0 0 0
0 0 0
0 0 0
0 0 0
0 0 0
0 0 0
0 0 0
0 0 0
0 0 0
0 0 0
0 0 0
0 0 0
0 0 0
0 0 0
0 0 0
0 0 0
0 0 0
0 0 0
0 0 0
0 0 0
0 0 0
0 0 0
0 0 0
0 0 0
0 0 0
0 0 0
0 0 0
0 0 0
0 0 0
0 0 0
0 0 0
0 0 0
0 0 0
0 0 0
0 0 0
0 0 0
0 0 0
0 0 0
0 0 0
0 0 0
0 0 0
0 0 0
0 0 0
0 0 0
0 0 0
0 0 0
0 0 0
0 0 0
0 0 0
0 0 0
0 0 0
0 0 0
0 0 0
0 0 0
0 0 0
0 0 0
0 0 0
0 0 0
0 0 0
0 0 0
0 0 0
0 0 0
0 0 0
0 0 0
0 0 0
0 0 0
0 0 0
0 0 0
0 0 0
0 0 0
0 0 0
0 0 0
0 0 0
0 0 0
0 0 0
0 0 0
0 0 0
0 0 0
0 0 0
0 0 0
0 0 0
0 0 0
0 0 0
0 0 0
0 0 0
0 0 0
0 0 0
0 0 0
0 0 0
0 0 0
0 0 0
0 0 0
0 0 0
0 0 0
0 0 0
0 0 0
0 0 0
0 0 0
0 0 0
0 0 0
0 0 0
0 0 0
0 0 0
0 0 0
0 0 0
0 0 0
0 0 0
0 0 0
0 0 0
0 0 0
0 0 0
0 0 0
0 0 0
0 0 0
0 0 0
0 0 0
0 0 0
0 0 0
0 0 0
0 0 0
0 0 0
0 0 0
0 0 0
0 0 0
0 0 0
0 0 0
0 0 0
0 0 0
0 0 0
0 0 0
0 0 0
0 0 0
0 0 0
0 0 0
0 0 0
0 0 0
0 0 0
0 0 0
0 0 0
0 0 0
0 0 0
0 0 0
0 0 0
0 0 0
0 0 0
0 0 0
0 0 0
0 0 0
0 0 0
0 0 0
0 0 0
0 0 0
0 0 0
0 0 0
0 0 0
0 0 0
0 0 0
0 0 0
0 0 0
0 0 0
0 0 0
0 0 0
0 0 0
0 0 0
0 0 0
0 0 0
0 0 0
0 0 0
0 0 0
0 0 0
0 0 0
0 0 0
0 0 0
0 0 0
0 0 0
0 0 0
0 0 0
0 0 0
0 0 0
0 0 0
0 0 0
0 0 0
0 0 0
0 0 0
0 0 0
0 0 0
0 0 0
0 0 0
0 0 0
0 0 0
0 0 0
0 0 0
0 0 0
0 0 0
0 0 0
0 0 0
0 0 0
0 0 0
0 0 0
0 0 0
0 0 0
0 0 0
0 0 0
0 0 0
0 0 0