132
0
7 7.211600437809008 -2.029370392486797 -7.7649011990372365 0 0 0
7 -0.053040846858047566 2.3237659974144207 -0.5763026870030282 0 0 0
7 8.750133420248458 8.948265249550632 4.668114820682998 0 0 0
7 -5.52949363207353 -1.8657988435787052 0.9793351054539274 0 0 0
7 11.452087790778437 2.2376329510600734 4.249555561830991 0 0 0
7 7.794271052577626 3.3485683006324836 -6.685343227033757 0 0 0
7 0.8423316722564549 -4.186849036653054 2.016127013907096 0 0 0
7 4.319648245251047 -3.443673927159205 12.10798523209811 0 0 0
7 -1.072844441162943 -0.5953311503387936 -2.0152461475366943 0 0 0
7 6.357949588663458 -6.801956338029155 1.1086238559182122 0 0 0
7 5.193366270353402 -5.783099015978988 8.268638021788135 0 0 0
7 -4.669350519399078 -1.7009400751546542 -10.709615158452033 0 0 0
7 12.891698436516158 -2.8021277054111406 5.06981449306471 0 0 0
7 -1.4488525774457066 -6.873945575823003 1.0557767329186227 0 0 0
7 8.90979280689998 -6.248025424586852 -3.502732711682494 0 0 0
7 2.646872953486765 0.6443744685944295 11.435064636934738 0 0 0
7 9.02712703523918 -2.973643305702892 11.255906116630554 0 0 0
7 -5.716838747789097 -12.177532146295986 4.868554613965601 0 0 0
7 1.4560272357883353 -0.49295673158799047 4.381314425765759 0 0 0
7 -5.408876172334271 6.644930415462434 8.393745983117634 0 0 0
7 -10.692134026522746 -0.25045055544408923 4.334918800077954 0 0 0
7 1.6390039621998485 6.119401146822423 -2.7159803597378684 0 0 0
7 3.13720741445439 2.301976828041499 -10.755464253048878 0 0 0
7 -11.509082552029014 -1.9405334212710834 4.678394797979638 0 0 0
7 -6.5240601147801724 9.51046331980307 6.053547021851299 0 0 0
7 -0.9774565836134439 -3.817684990230019 -11.76637515013641 0 0 0
7 -8.734331413624995 3.5957105581664988 -10.59615410207166 0 0 0
7 2.3481135487594007 -9.64354628074576 0.19716004041606944 0 0 0
7 12.51439850021463 0.5216955524242727 0.28541032179485526 0 0 0
7 10.082000289363428 6.036213086667497 5.181554285731816 0 0 0
7 4.487351616322082 10.45221052655749 9.191536751950435 0 0 0
7 -1.4879324034871744 9.55966194238136 -0.9835577351331591 0 0 0
7 2.0625089769036884 -2.148296148657308 -12.071700928541084 0 0 0
7 9.52735820535886 1.5877764971345376 9.499531704225797 0 0 0
7 3.005436764383697 4.5167599147293584 6.722270115694575 0 0 0
7 -9.058341133367964 -8.17262363570215 -8.237242225849636 0 0 0
7 -4.698707877993406 9.285209151513815 -3.1608905776783804 0 0 0
7 -4.879284332624779 -10.819846046703566 -7.115702193768286 0 0 0
7 -5.286354304229553 4.893085363701814 0.549039181208105 0 0 0
7 8.05310917574826 -4.262234840402286 -2.2608558338645373 0 0 0
7 -8.001222449192692 -5.9270353545503776 6.42731166700616 0 0 0
7 5.977241116317521 10.463200584473938 -3.1791704259344216 0 0 0
7 -11.454709815106394 4.329545566228434 -7.994480664567351 0 0 0
7 7.048285249231915 -7.077643816300649 -4.9375929956170355 0 0 0
7 -7.29763244412867 1.6680880753171645 -12.649270135828182 0 0 0
7 -5.0183403891903176 4.322319608729996 2.8292972047990634 0 0 0
7 -0.504905199620997 0.0006175931440743876 0.6935639287077542 0 0 0
7 5.506294771501498 7.797512190423279 5.9723031714969075 0 0 0
7 -0.08364450743613318 0.5804933272400052 -13.658722799690999 0 0 0
7 4.67618346260955 2.0348206310829005 1.5426062273728742 0 0 0
7 11.027198304259212 7.581487406564881 3.482659082294239 0 0 0
7 5.938531197214458 -2.434591661229561 0.30050821203233163 0 0 0
7 -5.853895420147133 -3.177891159831469 -3.1064205240558724 0 0 0
7 10.744006048113182 -1.7648004018912395 4.061139763421431 0 0 0
7 0.8433205021338235 6.318590308698302 -4.632286113260556 0 0 0
7 1.850325996084462 -5.818306656091386 4.615482963317787 0 0 0
7 8.422440431519643 5.716069073943844 -1.2311387944428651 0 0 0
7 -5.115324322529379 -11.585858789665352 5.63690187742081 0 0 0
7 5.2241051821710585 2.1865537751735302 -2.4687413707341386 0 0 0
7 6.341147684082434 7.213375054776222 8.676881929636655 0 0 0
7 6.972233459184735 4.496021912879875 1.6264221088831112 0 0 0
7 -10.28560343072933 -9.58219048527667 1.4861909059276355 0 0 0
7 -6.801057947184872 2.171652609708033 3.62157614860397 0 0 0
7 -2.685972226180254 5.848931818350718 6.732387342513466 0 0 0
7 4.660730766975422 8.064753783753833 6.5332305669822945 0 0 0
7 -0.8363460699030025 -3.41455649580552 -8.489174458511362 0 0 0
7 -6.387127833217424 3.4745266826038113 -7.716951278222035 0 0 0
7 7.543859419827093 -3.277065054879942 3.599153442041073 0 0 0
7 -1.0441546933813488 1.7387826773545103 0.2919995529819043 0 0 0
7 -4.553217355520561 1.484036646388991 3.61128967679105 0 0 0
7 3.817334892605702 -9.136219688530815 -2.4431632090896778 0 0 0
7 -4.0434246856338545 6.469259346724563 -1.4772002135407298 0 0 0
7 12.33197318262072 7.052549411051921 2.512502952058703 0 0 0
7 3.4910840024215113 -12.13975269554955 -0.4046324279858116 0 0 0
7 -11.94070832186309 -1.557754246376797 6.389386539689244 0 0 0
7 3.6946718529032267 2.9110548236343994 8.853975419471103 0 0 0
7 1.3283392393562838 -4.6837736014965206 -6.752953722369023 0 0 0
7 -1.7866947087857297 5.683609305635376 9.542920877698224 0 0 0
7 0.8027104849161957 -0.18480450681860783 -5.85228348221277 0 0 0
7 7.92624083123264 0.05991059164940394 -10.975309028735909 0 0 0
7 10.11172637597904 10.161501897828696 -4.23489310959887 0 0 0
7 13.611769033725716 2.1663521173562397 -5.813172952208135 0 0 0
7 5.896056194898998 7.4477126509116625 -6.696748563996568 0 0 0
7 -0.6078867125669211 -7.407676217440434 -3.012090760655694 0 0 0
7 -4.050248810579152 0.31210428706541277 -10.484262789956878 0 0 0
7 -10.599688065281317 -4.303540671711311 -4.400248483117909 0 0 0
7 4.568365403636788 -8.275839519992992 9.477197448967491 0 0 0
7 2.2016265988251424 -8.131036837081473 -11.629439483550618 0 0 0
7 2.96244842884326 11.689549496260243 -6.2033332042827904 0 0 0
7 2.0540738220077372 -8.832835883977967 6.352560772824841 0 0 0
7 1.0086616861729492 -8.161423195372938 5.354404659654593 0 0 0
7 5.375786199701315 -4.489220885403081 7.433603639391064 0 0 0
7 1.71018438441034 -7.5546427576137605 -5.7692872541358895 0 0 0
7 4.937638523941898 -8.394765568381853 -2.7465485098403946 0 0 0
7 4.258765786577423 -7.727457358085792 -8.783655980410675 0 0 0
7 0.48241770188898875 4.409998408965144 -10.845497050912565 0 0 0
7 11.0797458516737 -7.162728299997633 1.9541065286931885 0 0 0
7 7.261632557597892 10.23968599664243 -8.189884021476846 0 0 0
7 -1.6788480415414127 -13.933975151738474 3.853947602385816 0 0 0
7 3.045342080660844 0.12547069930144733 -7.377528084366623 0 0 0
7 -5.240319300983523 -11.246703343980247 7.877521320335165 0 0 0
7 -2.489219542945237 3.8569494197283998 -13.449338878814025 0 0 0
7 -7.9753106326430565 2.70761249267894 8.903316874710987 0 0 0
7 -8.617025292332263 -4.39865031675466 -3.212737351595918 0 0 0
7 3.108408403121844 -5.466778313709125 -2.7143548005816602 0 0 0
7 -11.212265067891318 -3.651249563966041 5.451690175555526 0 0 0
7 -6.56211530742095 13.03461206001149 -2.233597764875006 0 0 0
7 -4.484102237989066 4.277263237631249 -9.009484582770742 0 0 0
7 7.901255954249108 -5.033806302890769 -1.4855598248054012 0 0 0
7 7.192003695048785 3.711666749813043 2.2341164606020487 0 0 0
7 -3.7600484481040026 -11.23174512467879 -5.546982941646306 0 0 0
7 5.147953195455432 -0.8253116372636932 -5.4248720633067835 0 0 0
7 10.229326473573444 -0.6312669768135214 10.60253696968131 0 0 0
7 -2.0419901293414773 0.016069226970122426 -1.6529068291224864 0 0 0
7 3.4460489922936466 2.555153775298596 -13.632926927360419 0 0 0
7 -12.170585273996343 6.600325334839473 -4.343412774814456 0 0 0
7 0.5987647061894411 3.480285108246503 8.51693832944423 0 0 0
7 7.08182378350639 7.3597103675971765 5.0954303081795365 0 0 0
7 -11.936624267309984 1.8644302328944027 -3.7825944310036324 0 0 0
7 0.7060519355223488 -5.5727247499627 3.798603408406465 0 0 0
7 -3.375814360433763 -5.717563963712108 10.541803517884066 0 0 0
7 -6.86420872234658 -1.3335223626454489 -13.237863846414065 0 0 0
7 -4.026322008501686 3.568665954321513 -3.645872136814216 0 0 0
7 -10.533372003508257 4.929680873346387 -3.767848336702264 0 0 0
7 0.8458969799581741 -1.5795608495013123 12.354863621283076 0 0 0
7 -9.537363605921414 1.6423600727935854 9.629372332245966 0 0 0
7 -7.9900576139007375 -2.797583740142417 -7.222975307556541 0 0 0
7 2.864941049428461 -3.407603815949406 -3.2053257095776138 0 0 0
7 -2.434904740916875 8.175533799739403 10.969564296572495 0 0 0
7 2.709750920596527 7.257929231841166 7.476882950507726 0 0 0
7 4.579969489095672 13.842854653996795 2.092439928483892 0 0 0
7 8.675341515454441 -3.3436573236217875 0.773361560759607 0 0 0