100
0
1 0.11454521029585436 -7.730312981643073 -4.406880329301562 0 0 0
1 -8.012274012397603 -1.4495046591276446 3.1295780841572096 0 0 0
1 -0.6497765122847053 -1.582225408942687 5.18579216148962 0 0 0
1 4.672258813278089 -5.846556782553335 -0.8739619137256849 0 0 0
1 2.5631349211396293 -1.0187518751860243 -0.7051092317715476 0 0 0
1 3.3517095433274275 2.391571873321189 -3.557906752650742 0 0 0
1 0.977301997522511 1.4860319705600022 9.185851391245611 0 0 0
1 -2.4676518023788923 0.9788206245601457 -7.005577352723265 0 0 0
1 6.914720812316704 -2.111645598232778 -4.636865443472149 0 0 0
1 -8.565427562414047 -1.5396815226586662 -3.323851179802698 0 0 0
1 2.9013722164004565 -6.087056869337182 3.1285090709250993 0 0 0
1 5.236960899692883 3.29071253394239 2.094140125103592 0 0 0
1 2.0257606493611067 7.838375328178334 4.421037012742098 0 0 0
1 -4.568953154831703 8.047101149448581 0.1602573672788927 0 0 0
1 2.894089804850973 3.955996030744854 6.431692192642197 0 0 0
1 9.328920457163196 2.5127074379233285 -0.21227016663998036 0 0 0
1 -4.666980001769591 -1.3804524059142267 -7.546565484625223 0 0 0
1 -0.7571026817356897 3.2169139671546745 -2.567400492546535 0 0 0
1 -8.579357445659307 1.4899086489138722 0.9430095605868004 0 0 0
1 -1.5703779264383373 -7.1722146430205 -0.5324001498345893 0 0 0
1 1.9136976385088849 2.778754567781468 0.4389708439477427 0 0 0
1 5.884147976008225 -1.3685498043004491 -5.515665263723161 0 0 0
1 -4.189439743732584 -2.506471410098776 7.845060631861299 0 0 0
1 -5.323987032110561 0.0380118977719706 1.2161278314931152 0 0 0
1 4.382934250421484 3.900196679700332 -3.4643084474008057 0 0 0
1 3.232008726992621 7.546005390000452 0.22142833540324902 0 0 0
1 -4.294726553799813 -6.466820554928016 -3.7540592427183466 0 0 0
1 -0.09175697246672583 2.5317944804768113 -6.285138587045004 0 0 0
1 -1.4986882303881621 2.838842204481955 -7.012441553006047 0 0 0
1 2.8856613146702665 -8.474961386277428 1.3263483696324265 0 0 0
1 -0.16945439704843274 2.0785808475777134 6.7045986174670595 0 0 0
1 -3.40877843147481 -4.612100827478524 -1.2116469051536514 0 0 0
1 4.7076026860430265 -4.604717153035729 -0.3214232678894086 0 0 0
1 4.41596957155623 -7.848647260170234 1.4978032390305127 0 0 0
1 8.717347610307412 2.1530153706111763 2.6612103062315566 0 0 0
1 8.183959136709722 -4.225012217272208 2.330377577382801 0 0 0
1 -1.0402898283009472 2.9027432416896857 1.596225440724223 0 0 0
1 -5.578919240854371 0.7758353912091305 -2.3334123741338577 0 0 0
1 1.9710762177064165 -5.236086639718829 5.226457116315702 0 0 0
1 7.407832306440135 -0.453402775391675 -5.493056610443711 0 0 0
1 5.850439704170236 -4.418000324880571 -1.3438135207430022 0 0 0
1 -1.6214473636487017 -1.6506318468607653 4.574106949735008 0 0 0
1 -0.5781667385748949 -7.920310744117545 5.917368043331802 0 0 0
1 2.3042292871632366 -5.922191959995001 5.310102014000661 0 0 0
1 -3.5071241724692412 -4.518432418076136 -5.8852498214609 0 0 0
1 -2.0323934548528855 0.40914576685450343 -0.8394511254169928 0 0 0
1 2.059086131632166 2.1766494689533618 -7.234400667087421 0 0 0
1 3.365177045200426 -2.0485364881073695 -3.043136088048022 0 0 0
1 9.26520702399974 1.2736852944982082 -0.20607334888245848 0 0 0
1 3.414137627278497 4.254887150814 2.687024673503386 0 0 0
1 -1.4908964762245724 -5.4241295964523895 -1.4906093382769134 0 0 0
1 -1.83156131423641 -4.30200511621708 4.574873586603508 0 0 0
1 -2.416531988231798 8.730752165909347 2.6573577328730176 0 0 0
1 7.071394906064247 -2.31627261889913 -4.719627001977518 0 0 0
1 -2.527278748532396 8.95036184507783 3.195349426421817 0 0 0
1 -5.02647511733822 -2.189110916779539 3.3226323691598725 0 0 0
1 -3.762425816321369 8.35790444821585 -3.3407309327326993 0 0 0
1 2.0341164752890157 -2.161789137906496 4.743906179614623 0 0 0
1 3.550003736715052 2.1748823411732867 8.265623111735831 0 0 0
1 -0.7515543685169462 -4.155979022312047 -4.945813028563445 0 0 0
1 7.783747862484458 -1.461665316290139 -1.777668510370651 0 0 0
1 -3.3856872160355587 7.513990852058915 0.2815238921766696 0 0 0
1 2.9266724593371114 1.5113522201986842 -7.749582318314949 0 0 0
1 -6.567278224532499 -6.908807294721416 -1.1902717600422539 0 0 0
1 0.3176886943266738 -6.702758965770412 -1.8650947901250716 0 0 0
1 2.7624885375408335 3.4033618161903263 3.047187238940763 0 0 0
1 5.795132400231345 2.7528015056529775 -3.971442534172887 0 0 0
1 -2.363683738962071 -9.488161337079333 1.1970793772382045 0 0 0
1 -2.85059272967157 -0.6504888590051271 5.38745236730925 0 0 0
1 0.456566871581657 -8.601449371672379 -2.085414553062343 0 0 0
1 8.519141228933867 2.09181180918508 -1.3574835336229494 0 0 0
1 6.9131326525968895 -3.3224277795985984 -0.7400628489997056 0 0 0
1 2.8431440041300644 -1.8446967701308816 0.32693673016463165 0 0 0
1 -0.8021299653745573 4.642449703470942 4.830897837116202 0 0 0
1 -1.0779130700772497 2.9597823290873446 -0.4163660246652067 0 0 0
1 2.4488085038836793 2.1632485628628664 9.113553567045935 0 0 0
1 2.2253822035157267 1.0053645889457439 -8.717764668285595 0 0 0
1 0.5043076797376145 3.7386045341389833 7.101301106567934 0 0 0
1 -0.017252242206080737 -4.305861846083505 3.4337472949660612 0 0 0
1 -3.080799808104882 8.090671163278714 -2.35050279403482 0 0 0
1 -1.8041332476193956 -7.271306927083968 2.6987042218390074 0 0 0
1 2.7516808705247398 5.030096817634504 4.511596468065054 0 0 0
1 -2.106024956213193 6.474588710590052 3.3649254908790693 0 0 0
1 1.9692345599299692 3.4582758297836342 -5.980440240008075 0 0 0
1 5.7246317364635 3.2380063851474006 -6.178975728767679 0 0 0
1 -0.255772807885355 4.188556357570643 -7.769157478173194 0 0 0
1 -4.4020270289167325 -1.1504157370906662 8.0424226233336 0 0 0
1 -1.7322419923507315 -5.2806175549148895 3.358782635441957 0 0 0
1 -2.6750651033921464 7.766062602161898 -0.6137783779258927 0 0 0
1 -4.3977520170916575 3.5803356422174635 3.2505465383721592 0 0 0
1 1.7253045575940933 -6.55914603532001 2.8166468766314448 0 0 0
1 5.130745226857236 5.528594357522574 -1.422885063170196 0 0 0
1 -8.829773580933491 1.2507923005797315 -3.104238896634228 0 0 0
1 1.1026170334061673 -5.923068824445435 -7.408705584373916 0 0 0
1 -2.3755617079005753 -2.5425554150759906 -4.168112999433668 0 0 0
1 -3.756280492821441 -5.114171165691374 -1.1245952138289543 0 0 0
1 -1.9267178986693818 -2.8910410417288257 -3.1705730759193753 0 0 0
1 -7.341141866448796 -6.236695984695895 -0.7604658434162175 0 0 0
1 -1.1084602423643812 7.1789241079146775 2.5753288265550744 0 0 0
1 5.636071284381035 -4.882538511596403 4.374547171592778 0 0 0