600
0
1 -0.7541262678605472 -0.16919255678012196 0.4348122899168012 0 0 0
1 -0.17990498912735087 -0.9717642653759565 -0.06438503563144336 0 0 0
1 0.02476075672842114 0.6089256596535942 -0.781070586649786 0 0 0
1 -0.14194087380875997 -0.37759102047513665 0.43048041409415255 0 0 0
1 0.20217246755165427 0.5367718094012002 0.29429877959497824 0 0 0
1 -0.004441640089964408 0.6793205955802415 0.17064442508259026 0 0 0
1 -0.6543007784059481 0.4644481019664372 0.558345188123168 0 0 0
1 0.08237173025719784 -0.8298923979628541 0.19597262744293767 0 0 0
1 0.31386023522943346 -0.25916343366729394 -0.7901622861991405 0 0 0
1 -0.5561521384890614 -0.6061930915067922 -0.11123200743743705 0 0 0
1 0.4572899868784442 0.5319709892040329 -0.08500596905753365 0 0 0
1 0.2186798833779908 0.5135383573739201 0.10091999584886262 0 0 0
1 -0.08956041939170294 -0.5730252405160565 0.004743098675344194 0 0 0
1 0.37909335824213564 0.36426898592305507 0.38969081063971217 0 0 0
1 -0.6927160931768593 0.5446890123907018 0.43289750752281814 0 0 0
1 -0.3111606747722272 -0.37384992597228783 0.34801085375928226 0 0 0
1 -0.10919127013808846 0.6850999277400823 -0.15808753652868063 0 0 0
1 -0.7993877518875887 0.17859463204323528 -0.4163691978531132 0 0 0
1 -0.01621899959088023 0.39937078165546835 0.5611511293426444 0 0 0
1 0.27177584491828527 0.8666269678219091 0.3139339857874801 0 0 0
1 0.6304930164579946 0.50290500343721 0.4098899400888716 0 0 0
1 0.28160481617239197 -0.4345854121556936 -0.6093126331502402 0 0 0
1 0.13171554078412306 0.16116254796402282 0.5378827390973691 0 0 0
1 -0.25765344803960566 0.48062654971151986 0.3853154513641225 0 0 0
1 0.7724385138519236 -0.5355777983847749 -0.04252061671890663 0 0 0
1 0.3659871008615908 0.5504691760436724 -0.6509600241980597 0 0 0
1 0.5312899827793156 0.5077965077368586 0.5279928626045913 0 0 0
1 -0.7781833338932003 -0.019541500109070943 -0.594574188077354 0 0 0
1 -0.6568075893881938 -0.08633032446787418 -0.002918055477548598 0 0 0
1 0.17931922361979102 0.21798293271405514 0.8818054322077316 0 0 0
1 0.005993976661045051 0.16997757698663135 0.45281789153563284 0 0 0
1 -0.6029955971700696 0.1271879518294371 0.2389831344531565 0 0 0
1 0.37272779022909075 0.4201446240420405 -0.11756017317484524 0 0 0
1 0.21036328301325205 0.3757521130375874 0.5803920364765132 0 0 0
1 0.35456236110846184 -0.004369493840096888 -0.4801972868997812 0 0 0
1 0.08337015874235511 -0.3339729602861016 -0.5022487283401729 0 0 0
1 -0.1769453544809819 0.01983212470737528 -0.6929251182048457 0 0 0
1 0.4234682205686729 0.19111585463592476 0.32711222324653844 0 0 0
1 -0.15502059687954578 -0.35069449426776994 -0.7368229312499652 0 0 0
1 0.9156873835733667 0.12460760633516113 -0.017896858381106898 0 0 0
1 0.03474645250301504 0.25224681596227627 -0.221903392546746 0 0 0
1 0.41617034371368866 0.7505229385857145 0.33640179499129313 0 0 0
1 -0.6219063834740435 -0.35099648764609404 0.2988818456113653 0 0 0
1 0.5736174178527651 0.16261248732689393 -0.08937863580725262 0 0 0
1 -0.6946403014630415 -0.46709279779353785 -0.30655104285230034 0 0 0
1 -0.8396863015038557 0.2640790060760413 0.4700928111573129 0 0 0
1 -0.24009189784955162 0.35247996096245016 -0.8973570131608309 0 0 0
1 -0.6162235052283093 0.1082875717849925 0.08938792396741103 0 0 0
1 0.30888741402568554 -0.5922521705074193 -0.5049107948923899 0 0 0
1 0.4170124245620665 -0.7715195118360633 -0.2075057061409339 0 0 0
1 -0.5250969436426617 -0.38110121579879386 -0.17658068302674962 0 0 0
1 0.25966773317004244 0.6440163650632921 -0.2657233344975831 0 0 0
1 -0.02410397919849139 -0.3896868004226265 0.4995756778393461 0 0 0
1 -0.14097022116802466 -0.10240712724445579 0.8673254733555993 0 0 0
1 0.20871140868117974 -0.6361397675293672 -0.6619259830216516 0 0 0
1 -0.4018358933562516 0.5892731164298676 -0.14294264308468413 0 0 0
1 -0.18763597263194592 -0.427098057632028 0.578743887734658 0 0 0
1 -0.2192052594033312 0.34278195991363136 -0.8514825297088223 0 0 0
1 -0.5056859817635498 0.8490920450516044 0.12377970642992245 0 0 0
1 0.2073324271097644 0.7111986378932684 -0.35754166572918544 0 0 0
1 0.1215215987440625 0.20808494314836992 -0.5616281223657178 0 0 0
1 -0.3840561870724437 0.5136822477809753 0.3983348008236131 0 0 0
1 -0.31007732717600167 0.15929053994374748 -0.8579899212409314 0 0 0
1 0.046255154790079515 -0.378370538654301 0.9187227847946794 0 0 0
1 0.33559615723374664 0.24189015179369328 -0.5913297409148881 0 0 0
1 -0.5913088163302781 -0.3377946691175616 -0.30130932876847866 0 0 0
1 -0.29212217146095554 -0.7168703301647655 0.25056200262878114 0 0 0
1 -0.09429232451633777 -0.5427203495458405 -0.7804553739708283 0 0 0
1 -0.4792134120376596 0.501153225303917 -0.2563090601095988 0 0 0
1 0.8870720801554636 -0.4156747150498918 0.06637589243794981 0 0 0
1 -0.0005257180793049223 0.2854462154114815 0.4884787671883239 0 0 0
1 -0.09284897943345025 -0.7136692139608714 0.10241325436881889 0 0 0
1 0.7205099609214172 -0.36687300836784825 0.3497659516501439 0 0 0
1 0.29492764912152775 -0.3890332547639964 0.7305314550569724 0 0 0
1 -0.45430443066825005 0.2856798932891612 0.7824070424035414 0 0 0
1 0.42506970714006914 -0.36464480293342383 0.2903587082279714 0 0 0
1 0.09634456975286676 -0.06453297862051904 0.481007414200297 0 0 0
1 0.5557470272576261 -0.5031861135818176 -0.6077148129916051 0 0 0
1 0.41440285140473815 -0.06032032703174245 0.8839016892953939 0 0 0
1 -0.21503826310803048 -0.28792675819412544 -0.24921437161538146 0 0 0
1 -0.12278748914663111 0.12971016370317198 0.9784402953802955 0 0 0
1 -0.3549262076571206 0.07257598047571036 -0.3446940402533106 0 0 0
1 -0.6977874252845913 -0.6307650081256315 -0.09557288213383612 0 0 0
1 0.1538449297352534 -0.924599960887216 0.11112106528346764 0 0 0
1 0.5007174865525323 -0.5405400591897365 -0.6496949307949965 0 0 0
1 -0.3271558198630396 -0.8564854086461438 -0.0019205768380182488 0 0 0
1 0.36226667213388836 -0.19226658256956122 -0.7070076410919405 0 0 0
1 0.6889044856472563 -3.3320114256411616e-05 -0.3740181133538939 0 0 0
1 0.7501526540109088 0.205545692346762 -0.48260920795367024 0 0 0
1 -0.4852272005389517 -0.010023260988538923 0.34675868490590694 0 0 0
1 0.3733756222088537 0.753065929314764 -0.3839630150678437 0 0 0
1 0.32757853927665753 -0.550875333427116 -0.6683696991262741 0 0 0
1 -0.693410421577651 -0.24472950261040224 -0.34269528290797946 0 0 0
1 -0.10524460715149485 -0.6140946144639112 0.659575685111789 0 0 0
1 -0.1338965813668178 -0.17012127211859784 -0.24433951811887591 0 0 0
1 -0.6326167537586452 0.19634465390312225 0.5354314138053126 0 0 0
1 -0.20100944964849388 -0.337957758947676 0.0024146614833488534 0 0 0
1 -0.13235397011246672 0.12680306037139213 -0.40457200120643616 0 0 0
1 -0.19172426159095454 0.15739284488760613 -0.9221540944870976 0 0 0
1 0.21954780847090907 -0.12393343989234852 0.4340186101527865 0 0 0
1 0.049024803718854496 -0.4129810111919319 -0.05205485206576236 0 0 0
1 0.4723837813148722 -0.49165995504344306 0.214694568656781 0 0 0
1 0.04516324653741415 0.5597589275281002 -0.5911841392483944 0 0 0
1 -0.7413932070386438 -0.19182204708437198 -0.3559540922535287 0 0 0
1 0.6716955176322947 -0.23534308727235273 -0.2876351165260397 0 0 0
1 0.19371904313625216 -0.8096641457312165 0.0896685500039178 0 0 0
1 0.24362065041374967 -0.6147544614275935 0.07593147419876811 0 0 0
1 -0.4378742417764501 0.08476869358148613 0.7038217621786218 0 0 0
1 0.07076457726252224 0.36821215831509446 -0.3648801311089712 0 0 0
1 0.47087932218436457 0.155801698323154 0.6986163799003412 0 0 0
1 -0.16814933309127034 -0.4487689423069477 0.8268434274601989 0 0 0
1 -0.4189521036233398 0.4575886480726614 -0.4152157959701955 0 0 0
1 -0.4860569379590472 -0.19427326736389794 0.36002701474402293 0 0 0
1 0.15437185101483752 -0.9106682227677123 -0.3614236454304266 0 0 0
1 0.5306266174777784 0.2903842764236458 0.6205937185361555 0 0 0
1 -0.14839040985046487 -0.9432212171627554 0.02735603375987523 0 0 0
1 -0.026506747899898864 -0.026553460548025213 0.00496644371255903 0 0 0
1 0.37448598830348495 0.6006806357274592 0.5767030130935192 0 0 0
1 -0.812906818503775 0.4039976004291206 0.06936309987297765 0 0 0
1 0.7441909837247616 0.4141562846729384 -0.4651305521767256 0 0 0
1 -0.5379405341016367 0.2184478440027043 -0.6211348966535434 0 0 0
1 0.7130245164320671 0.4538481478530138 -0.5261348971690784 0 0 0
1 -0.1094914054978719 0.20824894379273373 0.8146832130987862 0 0 0
1 -0.5188359997434365 0.7799276884356956 -0.013988736937471019 0 0 0
1 0.9464976545751895 0.24114515786302998 -0.0893276448546901 0 0 0
1 -0.4570603639427807 -0.44308772369910715 0.1857456903445165 0 0 0
1 -0.5608505158127662 0.4757336186027256 0.5591713588061101 0 0 0
1 -0.2093340839747141 0.48652964570844753 0.6904369119293283 0 0 0
1 -0.4163296873423026 0.28657755385453276 0.776945418294697 0 0 0
1 -0.7170665229781106 0.3546996851371374 -0.1505471945398459 0 0 0
1 -0.23722822216890982 0.8856570815069248 0.2363719495257062 0 0 0
1 0.7716259073356214 -0.047922774446528815 -0.335888515336989 0 0 0
1 -0.24585240119511717 -0.6624323877068446 0.41777961651500867 0 0 0
1 -0.7737731720672475 -0.0992727171237134 0.44411832559200143 0 0 0
1 -0.4144491025790116 0.3883740886344958 -0.8175791908881058 0 0 0
1 0.3568075005990099 0.21674255635140383 0.2885654189376663 0 0 0
1 0.5009330473293123 -0.5816660015508718 0.24003134749386085 0 0 0
1 0.390263124940967 0.6473159854281316 -0.05053017321546197 0 0 0
1 0.2340834188155611 0.13024448928796648 -0.16135336466730493 0 0 0
1 0.2709292201287186 -0.1295381107779827 -0.9520954493269698 0 0 0
1 0.3469750179038035 -0.3198673146775858 -0.8411689075257436 0 0 0
1 0.054431934706295 -0.16209943353827166 0.06138438881922929 0 0 0
1 0.23143835493855602 -0.029884050206046734 -0.36594007713260296 0 0 0
1 -0.0872330907938822 -0.12336446287992997 -0.0098706162597459 0 0 0
1 -0.6021742782144209 -0.4116626407764048 0.41134157469799115 0 0 0
1 0.4658883895056155 0.10768628409162483 0.07163845994347631 0 0 0
1 -0.3196692878350677 -0.41726174548436734 0.6220478527167921 0 0 0
1 -0.626304344611967 -0.09510681219308326 0.31417639022631816 0 0 0
1 0.0020117447192062876 -0.017579610549364 -0.47769438398410924 0 0 0
1 0.1767285648905887 0.15313726322289678 0.1095614960016325 0 0 0
1 0.16946890725312805 -0.4408283709295063 -0.5044229868889487 0 0 0
1 -0.38619580279729027 -0.0224676253180705 0.5704376278133706 0 0 0
1 0.020673425950228724 0.42071407574688496 0.4613616280629557 0 0 0
1 0.723237045650936 -0.12337245274450012 -0.15698656020585705 0 0 0
1 -0.18442784162006787 -0.4653715688485091 0.20522015252718168 0 0 0
1 -0.802058349205503 -0.3082094075735862 -0.3395358834545319 0 0 0
1 -0.0859249787208502 0.057394148559296115 -0.1800554280163706 0 0 0
1 0.3472129239460834 0.12290292063911781 0.02368734170709827 0 0 0
1 0.14596688278771047 -0.5243358927978039 0.5475452638556491 0 0 0
1 -0.6262754899040844 0.4375759816130563 0.074287835009901 0 0 0
1 0.37458170613445246 0.03951080437927429 0.7357349532545596 0 0 0
1 0.29428036053263296 0.4912577312134718 -0.13472689929046958 0 0 0
1 -0.08952147086921694 0.42894003314989776 -0.48770208523315006 0 0 0
1 0.4027767238926722 0.4648490748785731 0.14155907305581922 0 0 0
1 0.4321877959204599 -0.37609232261065106 0.42852318246361554 0 0 0
1 0.3215503458022616 -0.6004983736542775 0.6467276726517568 0 0 0
1 0.1363882135476511 0.336314934294541 0.47235312522285844 0 0 0
1 -0.4858351931294094 -0.36588033306589807 -0.6720769668670401 0 0 0
1 0.3581530664325584 0.2212216964907823 0.0860389456980231 0 0 0
1 0.08361053460220086 0.6636502879848588 -0.42042087463293026 0 0 0
1 -0.08598041219387093 -0.6230236437797433 -0.35540397723262623 0 0 0
1 -0.733181305067626 -0.1118627947665705 0.5560562060090453 0 0 0
1 0.13393207606944518 -0.16460888298518703 0.622469705652252 0 0 0
1 0.3953116160272095 0.416791888313723 0.11648596018520299 0 0 0
1 -0.63555439196732 -0.09575459556214144 0.28667434784746265 0 0 0
1 -0.6155681959527951 0.2810219905372854 0.06923577857997189 0 0 0
1 -0.01914887210951037 0.9212653561882072 0.2992597647053419 0 0 0
1 -0.21430738765747476 -0.007690880390628395 0.2492023353896622 0 0 0
1 0.06712315397336147 -0.10536248246243407 -0.8764408847952704 0 0 0
1 0.47491948769533493 0.7432507013461367 -0.40098528862619626 0 0 0
1 0.7893928798745052 0.35047626511086166 -0.47883892995402566 0 0 0
1 0.18455425791584143 0.17328037323119433 0.13234403189073063 0 0 0
1 0.6194849122663464 -0.355463610180077 -0.21696862888029114 0 0 0
1 0.22142408151772586 0.48746032382534626 0.6415416975428587 0 0 0
1 0.6771440484814538 0.5645403323344523 -0.16774650457897786 0 0 0
1 -0.30611555588464623 -0.7631867649755164 0.09083733442351948 0 0 0
1 -0.3727720718964872 0.23388255967566865 0.23832508332282926 0 0 0
1 -0.6904596427703273 0.46113272029033986 -0.2709421566346638 0 0 0
1 -0.3050812533875491 0.15996409344372534 -0.5768564549196192 0 0 0
1 -0.9193223278493053 -0.21488289566854538 0.10169880765285948 0 0 0
1 0.12414739147867203 -0.0017690349732264027 0.6069794699630129 0 0 0
1 0.10983074972219245 -0.8429985726443242 -0.2119561013757602 0 0 0
1 0.1555246144724713 0.12849464915161843 -0.5409732677764287 0 0 0
1 -0.5976468528524551 0.3571229817893934 -0.03804825061015222 0 0 0
1 -0.5124029343163651 -0.7410075943928119 -0.375713727656163 0 0 0
1 0.6822972763798355 -0.10303045789512237 0.5032290253219783 0 0 0
1 -0.803800524092755 -0.2730682572800713 0.44971361150281713 0 0 0
1 -0.38471003658928093 -0.3403880045877127 0.5901820526320403 0 0 0
1 0.1276843177470277 0.1258635728755593 -0.06326888247816029 0 0 0
1 0.8605033927664982 -0.12189308809260734 -0.3547997961899579 0 0 0
1 0.5126055192233452 0.48938245659173785 -0.4642867847805136 0 0 0
1 -0.8181201488296955 0.08618542883859011 0.5387391901477858 0 0 0
1 -0.23327285466136446 -0.6453452483061616 0.6537238960801262 0 0 0
1 -0.6901731774809399 0.46914214244304886 -0.12763354066685673 0 0 0
1 0.36055536990556114 -0.34359533207826193 0.6879602517081134 0 0 0
1 -0.6016213369734023 -0.19174164702258548 -0.13690794942300552 0 0 0
1 -0.2848328227678583 -0.19999083197002943 0.13273569498279497 0 0 0
1 -0.46623146606168564 -0.7997147927758339 0.09811746412498745 0 0 0
1 0.20668955201061628 -0.5608246429899538 -0.35381942199660743 0 0 0
1 0.16221005721883958 -0.2503718710120359 0.4171154351896219 0 0 0
1 0.6588424856482498 0.5724007687215282 -0.06476745989180085 0 0 0
1 0.059325194238906656 -0.5343968409537327 -0.5609490238658528 0 0 0
1 -0.6727100025857802 -0.22818935053983294 0.6469827668020237 0 0 0
1 -0.3075239237617982 0.39130176940269595 0.520502867769996 0 0 0
1 0.018873915040293045 0.5374248619729034 0.2265339926715996 0 0 0
1 -0.6428237605593519 0.4651086424167102 -0.43904348578409674 0 0 0
1 0.43890210280603537 0.5406647694474191 0.048549558399397445 0 0 0
1 0.2778207444219952 0.558048228867162 0.004012576378349848 0 0 0
1 0.5260122987492918 0.2791565588883369 -0.24746133101453022 0 0 0
1 0.10817371923944906 0.8450229448795321 -0.3113250461386658 0 0 0
1 0.46354575433564016 0.1107934019246681 0.7214810468430263 0 0 0
1 0.17783780109557978 0.8580176983034383 -0.28584359999276115 0 0 0
1 -0.4041669097088064 -0.5543852886287346 0.10006503825957502 0 0 0
1 0.216434242607727 0.3430197220948935 -0.298964171708847 0 0 0
1 -0.4469674572144112 -0.5702859195155853 -0.08853657885704133 0 0 0
1 -0.08513913972544493 -0.7847038939883373 0.33772409534478154 0 0 0
1 0.7852663238123573 -0.37680838867317973 0.3577112214045601 0 0 0
1 0.0010227495015681725 0.784709946328135 0.16955228776572717 0 0 0
1 -0.07004754768372629 0.7132089214275472 0.24541562343160592 0 0 0
1 -0.10674699177149159 -0.47771981669815816 0.008138025664135531 0 0 0
1 -0.3815953223738348 0.32670940183611896 -0.47496058071594416 0 0 0
1 0.05516925286366492 -0.7854900652081092 -0.10154572850522758 0 0 0
1 0.31517781164306125 0.6609087090085778 0.3608619607826572 0 0 0
1 -0.13295115193305787 0.35017013777716677 -0.6566195203570745 0 0 0
1 -0.6965518809551168 0.5096825359230792 -0.34237728814442103 0 0 0
1 -0.1568714252821696 0.21940790292112625 -0.025220744702833024 0 0 0
1 0.5857348162275302 -0.7639281633527125 0.007888737369001546 0 0 0
1 0.3617671921045737 -0.4015854909937903 0.5505112863442869 0 0 0
1 0.8243453532978366 -0.3338917589641342 0.2301359265154948 0 0 0
1 0.20275659019042183 -0.19969986970583975 0.25913156949726646 0 0 0
1 0.7681601177449497 0.40912791954626154 -0.41750536010883 0 0 0
1 0.6044525379047127 0.30304598837958924 -0.5950254759548383 0 0 0
1 -0.7861686650819524 0.26997451690298446 0.46268908830094824 0 0 0
1 0.7546345590630595 -0.1874100459404768 -0.35942472780669754 0 0 0
1 0.215980715744259 -0.2094586063221634 -0.5533261568979196 0 0 0
1 0.5653381917231775 0.31050002946346633 0.570689377227557 0 0 0
1 -0.3608404563338466 -0.09886085774278844 -0.32280720797598134 0 0 0
1 0.2724900543240744 -0.7041079362703399 0.5192468671678067 0 0 0
1 -0.3910352821766457 0.15731321297733475 -0.589602593705759 0 0 0
1 0.06963467168930446 -0.25700254571813885 0.5844456601612876 0 0 0
1 0.36384603938768906 -0.45906807420441353 0.37604957095263136 0 0 0
1 -0.02447603580997922 -0.5942621556064666 0.3199187725269116 0 0 0
1 -0.25760922586949414 -0.826857893515111 -0.047188282137405536 0 0 0
1 0.8645853564950952 0.24431071622611247 -0.38217791917586597 0 0 0
1 0.025555839777703645 -0.10355800541946975 -0.7427802446085499 0 0 0
1 0.6760571338670647 -0.013811677424413436 0.1424537500469786 0 0 0
1 0.12690015521207287 0.4540081507866974 0.7139354443875949 0 0 0
1 -0.23241427006993604 -0.7984964244978393 0.1389075150867626 0 0 0
1 -0.835620075311381 0.17957521551477595 0.1213226891697785 0 0 0
1 0.4774153367938958 -0.36621558130156245 -0.2893920289093314 0 0 0
1 -0.39113822591105335 0.5158098630757871 0.6106986805376129 0 0 0
1 0.4587252896976245 -0.4762368682040618 0.41014246754547734 0 0 0
1 -0.4561044285384192 -0.13724753640169063 -0.8519563413454085 0 0 0
1 -0.1502511737787264 -0.35785247409330273 -0.6960637499438618 0 0 0
1 -0.056594237927111345 0.8307632688333317 -0.5179463986201409 0 0 0
1 -0.7550375126493942 -0.5393567678110964 0.3447550616650101 0 0 0
1 0.7164032550369555 -0.25904493863199873 -0.4282636483035178 0 0 0
1 0.15071737115301406 0.08073845102959236 -0.897654433130575 0 0 0
1 -0.44784961478335905 -0.3752846131235931 0.12253762596939945 0 0 0
1 0.4456648646210308 0.7966974892433698 -0.07848713785638331 0 0 0
1 0.3370800224827076 0.7532709305810757 0.563003470734582 0 0 0
1 0.6716240283285027 0.387696666551898 0.5779899890375887 0 0 0
1 0.174260129058586 -0.8578470068969078 -0.3703221456820638 0 0 0
1 0.8073244894192603 -0.11450434209254104 -0.578030675965853 0 0 0
1 0.4690239300774634 0.05741756920799256 0.06604317136991032 0 0 0
1 0.41827414708432753 -0.8872875737461174 0.18800788263105864 0 0 0
1 0.5027135563559011 -0.5793623155801655 -0.302215566614349 0 0 0
1 -0.12836819786916712 0.5761174629758126 0.6131393489095818 0 0 0
1 -0.4768642167630426 0.25667730577781456 -0.655201433496445 0 0 0
1 -0.0848933839031792 -0.21238285126564602 -0.36036330291153607 0 0 0
1 0.5797655474544054 -0.1766552577953055 0.022632668566631212 0 0 0
1 -0.3095884421259476 -0.6640993231361743 0.013440595886640545 0 0 0
1 -0.015837442438822284 0.6436252903808308 -0.6230240803227675 0 0 0
1 -0.0946095035825266 -0.15959791045575866 0.2993203629573722 0 0 0
1 -0.9717735770231318 0.14094378120761025 -0.0032795610962734287 0 0 0
1 -0.7993854340878254 -0.0928380397478797 0.32426605863979907 0 0 0
1 0.32828178000134356 -0.7335930198778106 0.39207891198872064 0 0 0
1 0.7636087662905612 0.17134707446169248 -0.040306986258874015 0 0 0
1 -0.8211273483826279 0.31687051203077693 -0.04792669814100957 0 0 0
1 -0.05680686265480978 0.06356378177620366 -0.5260493117179494 0 0 0
1 0.7880479773462753 0.4573915173686968 -0.2817660593605096 0 0 0
1 0.6792249723125294 0.2414326911727235 -0.12605116190536805 0 0 0
1 -0.7209160621361214 -0.5297734311033048 -0.3989209110879814 0 0 0
1 0.832185549518278 0.3230319143250576 0.23312778971963885 0 0 0
1 0.4752841746420247 -0.15289045246488586 0.35861192810267745 0 0 0
1 0.3441756705115598 0.45214974592160295 0.25835947919186714 0 0 0
1 -0.23671724306950193 0.8418856723730135 0.06041112590680169 0 0 0
1 0.5602979047932661 -0.6622952932060309 -0.4093335488170098 0 0 0
1 0.04490572412475083 0.8256687088495452 -0.3041122183373041 0 0 0
1 0.7720860183131504 0.12438368867633341 0.6047892345718067 0 0 0
1 -0.1913477888002462 -0.2127118855492902 -0.4594245802132253 0 0 0
1 -0.22592329518582513 0.7159745926825305 -0.3809382525447391 0 0 0
1 -0.5793847711560912 0.07532460021042839 -0.785936587318647 0 0 0
1 0.2931083822926354 -0.6643079459358308 -0.6716477191013184 0 0 0
1 0.5655532274674525 0.11617574696266172 -0.7273084111156859 0 0 0
1 -0.11327402845915541 -0.23692727743378952 0.8013078001950295 0 0 0
1 0.7767006442175975 0.2498919720419383 0.5307515054053835 0 0 0
1 0.10737985643525695 0.08708468632654616 0.29130266823719336 0 0 0
1 0.5017941172277436 0.3687849156600899 0.6646502048864685 0 0 0
1 0.7862708683914787 -0.10458337263856818 -0.18548279088198308 0 0 0
1 -0.12061812789443474 0.5505876569137244 0.08273927662414648 0 0 0
1 0.3971610074162568 0.6092083725017323 0.17557217501532574 0 0 0
1 -0.7426724371542387 -0.49472728691022316 0.20208894911602518 0 0 0
1 0.703035194340591 -0.4182674862683914 0.4834803431686957 0 0 0
1 -0.11003704584710383 0.7539483798783572 -0.5594329196106277 0 0 0
1 -0.7473149498716435 0.511111396229404 0.031177187490682972 0 0 0
1 0.4334919328660946 0.158188796749938 0.7144551193549614 0 0 0
1 -0.0009877596461005768 0.20147835226721136 -0.9363372538457088 0 0 0
1 -0.21693656647115855 -0.3136176672563179 -0.7172833611273801 0 0 0
1 -0.5474786586034311 0.6023728294526209 -0.43716803885725664 0 0 0
1 0.14560123167316097 0.3427322816138174 0.30451780357020514 0 0 0
1 0.5632115863502863 0.21686387732027998 -0.14416213117809748 0 0 0
1 -0.7380268586540526 -0.529730221581523 -0.26273238052745834 0 0 0
1 -0.04913484550910424 0.26264800179341674 -0.38774179673392334 0 0 0
1 0.04716455275575969 -0.5615625221180354 0.555920365496804 0 0 0
1 -0.7585463032171847 0.47398836211326845 0.1384222437461703 0 0 0
1 0.030096570580468336 -0.26524238001322237 0.34784385955086 0 0 0
1 0.32721548712761317 0.3826154682802051 -0.33522149070865276 0 0 0
1 0.6276159798332369 0.5635943610652414 0.5128493728421707 0 0 0
1 0.6760833205189684 -0.12271237116542771 -0.4194014005614623 0 0 0
1 0.2266134439097116 0.8853461521467568 -0.06827074259585279 0 0 0
1 0.3090761758322107 -0.6560047923429738 -0.33789054142722896 0 0 0
1 0.5779115879549078 -0.15180993078394026 0.7550997857983361 0 0 0
1 0.09846833176872902 0.3243152707275503 -0.5288214031700208 0 0 0
1 0.16485295511318723 -0.7641689946960717 0.20505515457622264 0 0 0
1 -0.016739259150887822 0.6510442522535717 -0.44074149902380894 0 0 0
1 -0.1390900498590933 0.44047544242818965 0.6482129666156613 0 0 0
1 0.439603616566167 0.3377158265664282 0.5476125441286814 0 0 0
1 -0.43781784469770657 0.3787775056159868 0.6836934422747076 0 0 0
1 0.1964316838519517 -0.05430684012883835 0.4534307834566995 0 0 0
1 0.6954840441792555 -0.5768135961749867 0.31368729598341727 0 0 0
1 -0.6551486508982128 0.00926206123176327 -0.1754853471749894 0 0 0
1 -0.5436818135488398 -0.11785057279177676 0.6650710161577353 0 0 0
1 0.11394224661437975 0.21992539807609443 0.5347088140713465 0 0 0
1 0.9199659999883028 0.038241437488584454 -0.33559669181107266 0 0 0
1 -0.49703630610405813 0.5407561670916852 -0.0496783400228234 0 0 0
1 0.04459875669777881 -0.04543434199928981 0.8085780870636305 0 0 0
1 0.2506879989644084 -0.009064002501705989 0.8265760430920064 0 0 0
1 -0.14407490589408514 -0.7133536261865457 0.6324984919029278 0 0 0
1 0.2868518243999534 0.4233595366145978 -0.4051293602683523 0 0 0
1 -0.10527822970240448 -0.36369767194448693 -0.7251531715486117 0 0 0
1 -0.27148938104060355 -0.24238307109136623 -0.7059292700906712 0 0 0
1 0.019402485191962214 -0.08811517036262301 0.3142540999953242 0 0 0
1 -0.26629885830331546 -0.1546702068064711 0.6859237987285886 0 0 0
1 0.3849223698443126 0.3763815411247403 -0.5164624898013451 0 0 0
1 0.6571073992540651 0.37797650828616713 0.3143371285589125 0 0 0
1 -0.3503215848342703 -0.4435213713718044 -0.0376690000209032 0 0 0
1 0.5207994033090481 0.3311761160984597 -0.4659368321317411 0 0 0
1 -0.5364684887506458 -0.4000571329679348 0.3034063831030067 0 0 0
1 0.1288457714076447 0.23507777245230893 0.21164175346445296 0 0 0
1 -0.07212957743589506 0.09441668036291538 -0.38317449314558405 0 0 0
1 0.4321699704444038 -0.5896911188457704 0.16699260735160656 0 0 0
1 -0.6631281979742704 0.3283361273397603 -0.3500910469948365 0 0 0
1 0.4759087831570397 -0.15038798493276023 0.6339999082684766 0 0 0
1 -0.23343496213883566 0.818507690755121 0.5011075934529929 0 0 0
1 -0.7986664827635499 0.05652209684135651 0.35453549805872625 0 0 0
1 0.059043627975644955 -0.6390178532556177 0.21134581982878103 0 0 0
1 0.7563740229750308 -0.4131090476101035 0.3876619783166366 0 0 0
1 -0.37000226836604544 0.027463720306584418 -0.552630281110272 0 0 0
1 -0.4298215546422019 0.05532036185300011 -0.7133254562994649 0 0 0
1 -0.33579434305978223 -0.15515774834442314 -0.5490362378559689 0 0 0
1 0.6137146566619611 0.5094854422357115 -0.48697602850409505 0 0 0
1 -0.3723480850290292 0.6059478147897277 -0.18582005206013036 0 0 0
1 0.7134616464598795 -0.3038579576086488 -0.0913007680470413 0 0 0
1 -0.44550578514038686 -0.1413681497465119 0.6728475304247483 0 0 0
1 0.536564301366951 -0.28072895970254386 -0.735614647665182 0 0 0
1 0.1296499456277952 -0.6262982327136213 -0.10113235142614029 0 0 0
1 -0.2776836671270463 -0.237399406211343 -0.2651595919470792 0 0 0
1 0.4199235836425125 0.0071769859881078415 0.06203937602143492 0 0 0
1 -0.3898550876545944 0.16775817329105772 0.7709278096309536 0 0 0
1 -0.07568366953119335 0.3375200645673203 0.6602887923804028 0 0 0
1 0.20931739118748596 -0.6086914190427901 -0.5912626213152627 0 0 0
1 0.05066752982782094 0.6348735816233206 0.2789477458829293 0 0 0
1 -0.07926061786428412 -0.35986678312113485 -0.9296080506253965 0 0 0
1 -0.9379806490754198 0.24787448060341935 0.11966566503803808 0 0 0
1 -0.157295288722043 0.13066404417307861 -0.3214907803784112 0 0 0
1 -0.18714770101419267 -0.8980478007771578 -0.2653536498210813 0 0 0
1 0.6882739278601853 -0.2276263204765799 0.6092584903903603 0 0 0
1 0.6945995184034254 0.012438992081603182 -0.4514798771522823 0 0 0
1 -0.08540730212548911 0.7112747130230689 0.5542687623333828 0 0 0
1 0.24325505614407386 -0.5440881153663657 -0.3691132600035688 0 0 0
1 0.42495564516986345 -0.5894020428927265 -0.19060848747890452 0 0 0
1 0.0316340906649617 -0.5484743470714755 -0.2749923576218325 0 0 0
1 0.18190454761194483 0.5340011510478705 0.10661179380676061 0 0 0
1 0.058594144463672455 -0.16643797650482342 0.8266621367101581 0 0 0
1 0.24855591887446113 -0.8764283433020702 0.40895396693521285 0 0 0
1 -0.051776128148836725 0.9464671329535758 0.30578534708288463 0 0 0
1 -0.547103355796658 -0.46711044420999764 0.41295992776348983 0 0 0
1 0.45830546628287955 -0.11984414564037668 -0.6245899099869756 0 0 0
1 -0.30251837588935304 -0.6657333977736323 0.0956006688373081 0 0 0
1 0.6045162885929929 0.6114973358207002 -0.2551108342230613 0 0 0
1 -0.6599761242010805 -0.04892434434203194 -0.5318110051583841 0 0 0
1 0.26550039682270055 0.015172244394972364 -0.5934950347057022 0 0 0
1 0.10322444163025936 0.2846739335178499 -0.1007262123609414 0 0 0
1 -0.13269305336567283 -0.43509873747038813 0.3112846134928825 0 0 0
1 -0.8629951317728214 0.039017150125240534 0.02825244325746825 0 0 0
1 0.10630160013065913 -0.6654012485082561 0.427358864981029 0 0 0
1 0.17549401234905324 0.3781363775154429 0.7113526501501357 0 0 0
1 0.019913656099440003 -0.3923499056486917 -0.8850066438169965 0 0 0
1 -0.24734095724329197 0.5853910624476485 0.6978482257414254 0 0 0
1 0.273026132536183 0.5717243013112665 0.3836564979102417 0 0 0
1 -0.7829106761748915 -0.16323059300765852 -0.17915111328646208 0 0 0
1 0.3317743178010543 0.31135478998751254 0.10427594706750094 0 0 0
1 -0.010439148759151454 0.1794403959091043 0.9452772489548963 0 0 0
1 0.0729169662335409 0.6357244765922956 -0.0163760777561964 0 0 0
1 0.7791499403481894 0.5191168146175233 0.32381646481979476 0 0 0
1 -0.17200551803762193 -0.0759691644843775 0.1479142492471471 0 0 0
1 0.03646925394447262 -0.6412081531823989 0.06879288523002612 0 0 0
1 0.5005786139063683 0.006536184419113449 -0.7492638747998985 0 0 0
1 0.45911205110084385 -0.6309290528020886 0.4814472496268708 0 0 0
1 -0.3698234746801981 0.6832723918843502 0.12175865887031295 0 0 0
1 -0.18780090005311487 -0.5869370856771473 0.5932064495437773 0 0 0
1 0.022719253441669942 -0.708053367698947 -0.41872839943072143 0 0 0
1 -0.2710114621090861 -0.5040091505441167 0.18590900236380686 0 0 0
1 0.30684921851065 0.03860252028835174 0.4796291448494955 0 0 0
1 -0.18514241732753525 0.24887179767803225 -0.30248259741490535 0 0 0
1 -0.0629853738732406 -0.8078582775449796 -0.20822278133861902 0 0 0
1 0.5786844647366278 -0.07391536090436941 0.38883824051929883 0 0 0
1 0.37780399705119816 -0.7753651850223224 -0.10939011808486578 0 0 0
1 -0.4890544487215027 -0.6609977764515742 -0.09569777676793999 0 0 0
1 -0.40312136024786266 -0.47450686246315754 -0.2595099163844704 0 0 0
1 -0.19969746749070508 0.19196229643499493 0.11852200840200017 0 0 0
1 0.48209816808776984 0.467735099690659 -0.6045723233174797 0 0 0
1 0.2172418132718225 0.08152481991518513 0.07696945577972994 0 0 0
1 0.12293242285170951 0.3320204054252985 -0.3082622004666422 0 0 0
1 -0.2586930423284943 -0.6908483058917195 0.42200063609911437 0 0 0
1 -0.017718478991166214 -0.3134447038319266 0.1338328665331228 0 0 0
1 0.420110762514518 0.5873651109060944 0.41847761509891107 0 0 0
1 0.11138777803929792 -0.04870388004955016 0.43105503269626994 0 0 0
1 -0.23226470186363643 0.306408668373361 -0.5958132434618363 0 0 0
1 0.48874526796475315 0.6868827490407936 -0.32698276927673803 0 0 0
1 0.7288141058877624 -0.19485992744310754 -0.40030726506431713 0 0 0
1 -0.4513143921805312 0.6417508764857995 0.5284900614332159 0 0 0
1 0.4607408250103161 0.0186558072829694 0.0862582086812605 0 0 0
1 0.8721788069911794 0.07588205507858821 -0.45686149959623323 0 0 0
1 0.784091933889765 -0.29061322455957495 -0.26741415800512225 0 0 0
1 -0.09703208842616298 -0.9483335059415533 -0.019882709819439338 0 0 0
1 -0.20094359077178525 -0.6145093317936877 0.07614496515188238 0 0 0
1 0.10462273045881446 -0.28735990834216935 -0.3121544355150455 0 0 0
1 0.21425552785279717 -0.2963097441117037 0.3218135717300218 0 0 0
1 -0.01850466486741995 0.5208225662504249 0.36149531951542196 0 0 0
1 -0.3854883441546791 0.1284444408495793 0.7358384021208376 0 0 0
1 -0.09020117114134481 0.5557337447802262 -0.706548736871076 0 0 0
1 -0.00888844609278929 -0.005331210000262492 -0.7752765500485025 0 0 0
1 0.2872239967375164 0.14929451131254382 0.7374268412592759 0 0 0
1 0.3983325938505193 -0.763734175380774 -0.21518024809267255 0 0 0
1 -0.22451847610361214 0.30507250357187865 -0.02731219750027126 0 0 0
1 -0.6698404368095053 0.13155813886771361 -0.27066393998094523 0 0 0
1 0.2708312421613281 0.5036374526133548 0.08000231706083295 0 0 0
1 0.5980633342372823 0.3198475557827871 0.710982016642766 0 0 0
1 0.5892049276043886 0.5040128005481483 -0.15455935124664208 0 0 0
1 -0.08145958437202397 -0.49375855963688725 0.8368408233668085 0 0 0
1 -0.22511389154315697 0.4780844400163387 -0.7429222042128102 0 0 0
1 0.6179526862421626 0.7457697333248218 -0.12663258280830236 0 0 0
1 -0.9314420256935868 -0.3576793575566235 -0.02837239281464786 0 0 0
1 -0.05272936279372158 -0.4748254054096693 0.5919295916704457 0 0 0
1 -0.42381795728488136 -0.3894700210109942 0.17400930549434743 0 0 0
1 -0.3024679443114926 0.22814799450926462 -0.16381619834242542 0 0 0
1 0.4280163049055465 -0.03382818539711094 0.8534305874458281 0 0 0
1 -0.5465785630190964 0.33704256835153135 -0.6889666113900735 0 0 0
1 0.3707880644393609 0.2891042727960019 0.7392742932712981 0 0 0
1 0.01009304209979889 0.5864586748382663 -0.3113209190284369 0 0 0
1 -0.1779242989868795 0.001315248426451683 0.3287986733112342 0 0 0
1 0.40327871667613235 0.034967343698021985 -0.56159438879107 0 0 0
1 -0.06421470925762342 -0.6968755117151727 0.1497710443472042 0 0 0
1 -0.18705488519592742 0.6578062134989389 -0.6521092505154173 0 0 0
1 -0.4603393826634405 -0.23073629150090846 0.26661789139985476 0 0 0
1 0.1085241149848961 -0.6145477517642094 0.3021184834381271 0 0 0
1 -0.10897218957868203 0.09804310674054623 -0.07547576877535088 0 0 0
1 -0.542208589497245 -0.2522433203788131 -0.22036111491796528 0 0 0
1 -0.004406753996372961 0.8235838541649143 0.049981065711231024 0 0 0
1 0.37532585383870204 0.07606501227687042 -0.09771905493349535 0 0 0
1 0.3885404004910983 -0.30085696284054747 -0.02214647831438157 0 0 0
1 -0.3248821160074941 0.27948255312010184 -0.7577616492742983 0 0 0
1 0.2095600320262098 -0.45861800933268665 -0.10495740899176038 0 0 0
1 -0.9159529450334343 0.15508559038854156 0.3338141481547202 0 0 0
1 -0.13277870741353917 -0.5205837359926722 -0.35639171812574577 0 0 0
1 -0.5798944134930099 0.4425106166101379 -0.6607961700397509 0 0 0
1 0.5862491843134062 0.6172883551103757 0.22474937177680476 0 0 0
1 -0.5457941448195909 0.2619198050352458 -0.030684057521280533 0 0 0
1 -0.626617869464832 -0.2810480381708427 -0.3122984259357932 0 0 0
1 0.00034808235186775183 0.4171926870659722 0.7239219896703326 0 0 0
1 0.45750149114927124 0.011137585549695465 -0.5999110123193089 0 0 0
1 -0.1122416783527031 0.59580552036707 -0.210888807263692 0 0 0
1 -0.34051713964601055 0.2958291692694864 -0.6811840224035752 0 0 0
1 0.5729969660006601 -0.15888953262365624 0.11149980297004862 0 0 0
1 -0.41108458416230403 0.6927146465761378 0.3990369807071578 0 0 0
1 0.22427333832348656 0.02873589797823989 -0.5080672469971287 0 0 0
1 -0.8243397943090895 -0.3067596286173498 0.2191223550479717 0 0 0
1 -0.7429559637031847 -0.29485193645530144 -0.014976775104813484 0 0 0
1 -0.6980578032577874 0.13392636855271042 -0.5745436750181904 0 0 0
1 0.5854850329059011 0.20052990387445122 0.5145661330230651 0 0 0
1 0.11349062017536456 -0.4856937239444574 0.32752470354288754 0 0 0
1 0.43805141562158595 0.5537306188861867 0.11154419796055799 0 0 0
1 0.4944502379237005 -0.1962965267020572 -0.36341806939035703 0 0 0
1 -0.030282360838302415 0.29851291632670135 0.30926725101459546 0 0 0
1 -0.6419865560151449 0.1743033351924527 0.006909108738042985 0 0 0
1 -0.19390376655043592 -0.7816460066392893 0.29031890790210885 0 0 0
1 -0.24888026186554668 0.7780568280597635 -0.004216027618895503 0 0 0
1 0.2927328762434533 0.8028607289741678 -0.19530790073934226 0 0 0
1 0.04082110090198786 0.6544344905155914 0.2874861828740488 0 0 0
1 0.48544215825741793 -0.7107013690557815 -0.05304953808432987 0 0 0
1 0.5122621998751514 -0.000980567122944806 0.5926926430323731 0 0 0
1 -0.06032853124278856 0.560815247840674 0.35975639867783044 0 0 0
1 0.08104116295517297 0.21475534832399365 -0.4290702863239815 0 0 0
1 -0.2580484852588157 0.523681254009797 -0.2793845686651915 0 0 0
1 -0.04824413778103837 0.4392382418814924 0.2801112579700332 0 0 0
1 -0.0005169955747572742 -0.23112406195051938 0.7476228811107857 0 0 0
1 0.7210396319606324 -0.4333056285094216 -0.02054036785852708 0 0 0
1 -0.08104126565845077 0.5670741004300991 -0.5059944073064763 0 0 0
1 0.12074890968330101 0.1912518361013333 0.8801072206212398 0 0 0
1 0.5432810285902521 -0.3218388685991846 -0.06923137893201162 0 0 0
1 -0.10206754025848358 0.42340855062070243 -0.23266734840161601 0 0 0
1 0.34348948357171105 -0.6290519397757496 -0.156689480665014 0 0 0
1 0.3745572735294797 0.7633256231807934 -0.09553292207580699 0 0 0
1 0.4963372719420935 -0.7060640351387221 -0.3217671062365875 0 0 0
1 0.3472381969116535 -0.5016415432493908 0.10866893306715388 0 0 0
1 0.3186946240100438 0.7345441300071169 -0.281232503711254 0 0 0
1 -0.769713312171992 0.30347164782737995 0.23483764292383455 0 0 0
1 -0.8113816415135456 0.024673311730649874 0.09424989222922264 0 0 0
1 0.15989184151539354 0.6554534675063638 -0.40884052052076647 0 0 0
1 -0.7256252233209421 -0.23547884900443022 -0.33663738006260063 0 0 0
1 -0.17548373126097322 -0.8573373310706649 -0.4618888969607849 0 0 0
1 0.8523687469534986 0.08393000448255451 -0.2811384369067107 0 0 0
1 0.7607985080910667 -0.381557245750677 0.29475896947874997 0 0 0
1 -0.6079410171213646 0.6029133240472137 0.12023938035240647 0 0 0
1 0.21491214226102423 -0.5809933580077533 0.29035888474668864 0 0 0
1 -0.6196580224984501 -0.6032837875814624 -0.4424529083167054 0 0 0
1 -0.5455811212873358 -0.10789677575907987 -0.42767252444578574 0 0 0
1 0.4845635088522581 -0.24229448401768153 0.6660872614835844 0 0 0
1 0.7007563006838511 -0.5039342870586979 -0.03194983086690146 0 0 0
1 0.19974557647747934 0.21418520107409378 -0.694649232905313 0 0 0
1 -0.7214292178533958 0.520403258139529 -0.4331621114211062 0 0 0
1 -0.08437160229498324 0.4038736271147783 -0.3692029118305262 0 0 0
1 -0.7813738242171232 0.42377633772976014 0.24855011283687634 0 0 0
1 0.17438455931363187 -0.3683935990463229 0.23519519839671457 0 0 0
1 -0.5765632654020552 -0.40614446552489225 -0.6993369785366464 0 0 0
1 -0.5441587543324443 0.5279357733996927 0.4014008703764432 0 0 0
1 0.5258805961809446 -0.2034225448684795 -0.4909033278999728 0 0 0
1 0.04955340390994192 0.14946970978495722 0.03849594608381314 0 0 0
1 -0.3177074320761736 0.8126338243724343 0.24784574127253106 0 0 0
1 -0.21905631873343365 0.4860895043435352 0.11379524513010024 0 0 0
1 -0.47850635899247324 -0.8356012253554437 -0.18134021601561448 0 0 0
1 0.680255856589631 0.16631779997720572 0.17354754549899284 0 0 0
1 0.5759712108140677 -0.5003698917502108 -0.23439149384283556 0 0 0
1 -0.4103381628943357 -0.8509820500983784 0.23985831413112632 0 0 0
1 0.4364454588380348 -0.14660454633117279 0.3641648748415172 0 0 0
1 -0.21477383318748608 0.15095358552288776 -0.24552002174214496 0 0 0
1 0.559022470698655 0.21325551297111425 -0.2621229810089207 0 0 0
1 -0.3055021692492139 -0.6752566713535275 0.4069299936224071 0 0 0
1 0.15197918733064505 -0.6316184440260293 -0.3761177831787516 0 0 0
1 -0.2035693758450361 0.30899820620070084 -0.3775443182836698 0 0 0
1 -0.25940720038435794 0.7261146194672573 -0.2791735939135146 0 0 0
1 0.12677390215825873 0.752883887877158 0.6416931538433659 0 0 0
1 0.5850646800864037 -0.04479311817728796 0.7607347221158028 0 0 0
1 -0.08067368071888283 -0.46382048768073725 0.4137224669690311 0 0 0
1 -0.642273538420028 0.3017907671770264 0.05685555801759292 0 0 0
1 0.626880759869884 0.6847132452977593 -0.3474259134647559 0 0 0
1 0.47942377134556613 -0.01174840740707867 -0.706544865879552 0 0 0
1 -0.5116432180664798 -0.16314435108132824 -0.22639496026146289 0 0 0
1 -0.06309413265473392 0.8268390426927364 -0.4719004856695195 0 0 0
1 0.628220474595384 0.4572383150680492 -0.09180397003387611 0 0 0
1 -0.34054210467893603 0.4504477536287924 0.22042365801782876 0 0 0
1 0.10286491664228897 0.24603796786198145 -0.5447526072136094 0 0 0
1 0.1801471086481975 -0.615563725053845 -0.5527625543843615 0 0 0
1 0.09785102846630617 0.1246918266088613 0.4163772854919666 0 0 0
1 0.0038748158906857988 0.09646437396804271 0.19110966548537528 0 0 0
1 -0.15496651137785963 0.8951009049504492 -0.042366332514644 0 0 0
1 0.42851850433324484 0.0684815991281719 0.44887484949648904 0 0 0
1 -0.0675229978829831 0.8463951114768736 -0.4749282038225011 0 0 0
1 -0.20330118781423975 -0.023651760558501343 0.271136499071575 0 0 0
1 -0.004179131727823479 -0.6396838421984475 0.5369139469913772 0 0 0
1 0.5735779515630638 0.056845446125016456 0.6477081748293053 0 0 0
1 0.48663691883617455 0.1852698134317828 -0.546956118344652 0 0 0
1 0.5332768540415613 0.32777263797906586 0.2953034159462521 0 0 0
1 0.17470917556409093 -0.1527385914142399 -0.5367390599424089 0 0 0
1 -0.1270840954939418 0.08732328579302742 -0.49375881480498185 0 0 0
1 0.7720775555771183 -0.4015498409438432 0.3916171851282632 0 0 0
1 -0.8208876866078852 0.25689456553232165 0.12836696428198505 0 0 0
1 0.24070412781775688 -0.22212132490285344 -0.2170275209825152 0 0 0
1 -0.425400306115072 0.15438205250827342 -0.6219822446890548 0 0 0
1 0.6749561034910072 -0.415101760001723 0.2451750991750664 0 0 0
1 0.4216141205563264 -0.43079593276031036 0.5830868967652689 0 0 0
1 -0.4157234102864067 0.4670667953064907 0.3685824503632342 0 0 0
1 0.3623725279290541 0.5343923185774269 0.4718849244424703 0 0 0
1 0.002809630904769075 -0.41718796342247877 0.7464203226921599 0 0 0
1 0.7051228856616101 0.49584717927968935 -0.38918423593767054 0 0 0
1 -0.03397233670185789 0.323001384473901 -0.6743224594769291 0 0 0
1 0.08612141320755348 0.7723119628222731 0.028703613264842807 0 0 0
1 0.5343673130915039 0.5067290287820392 0.2724768547857678 0 0 0