300
0
1 0.12286963577726735 -0.94560459712183 0.29597159682777097 0 0 0
1 0.4783132831297828 0.26533158689481984 -0.5506010396056368 0 0 0
1 0.12442788145622724 0.47512617003334134 -0.3411409535154746 0 0 0
1 -0.2637729702351005 -0.10978074204809064 0.452898566430101 0 0 0
1 0.5823277138204849 -0.056790674966217834 0.3487155202499256 0 0 0
1 -0.41199398746623667 -0.4242359030543516 0.797476934725391 0 0 0
1 -0.18338408772017803 -0.595952643832479 -0.10336786088751969 0 0 0
1 -0.2339329260381751 0.5458028826139923 0.4064013902497758 0 0 0
1 -0.2768509409544945 -0.4177786494008417 -0.5928095309684687 0 0 0
1 0.9511099301560603 0.04969580506808171 -0.30154828214792545 0 0 0
1 0.5311174930011694 0.7881553434963197 0.0632254760772264 0 0 0
1 0.03906547673259918 -0.21223673390193884 0.8548148298818181 0 0 0
1 0.08757497721324625 0.1893725165776544 -0.5774586961100102 0 0 0
1 0.41303365954884436 0.8248169950859198 -0.1241222834351577 0 0 0
1 0.5303729958777229 0.47091745247277483 -0.0769412399427615 0 0 0
1 -0.11522011336644482 -0.4620690932388468 0.8540725970947911 0 0 0
1 0.6941660311895886 0.5298735897511845 0.06084685650804052 0 0 0
1 0.8638920426051296 -0.03678701426120258 -0.24245833627802757 0 0 0
1 0.37481833120915803 0.8556035897391103 0.29600100331372725 0 0 0
1 0.8010408886334048 0.1909138708403928 0.12918501436719496 0 0 0
1 -0.5935039682285038 0.6600610733041271 -0.3547947833343196 0 0 0
1 0.9468945982263363 -0.2295379644611406 -0.05561907187664923 0 0 0
1 -0.9302185744046519 -0.08366609162891869 0.32873782631301374 0 0 0
1 -0.6382217011936834 0.12425323405892852 -0.48967008206095064 0 0 0
1 -0.5111141723854501 -0.5671507347658694 -0.43548666183973767 0 0 0
1 -0.3759671913530764 -0.3342215914797628 -0.5996803922796646 0 0 0
1 -0.07520203735145299 0.5028069935545604 0.1926208085622725 0 0 0
1 -0.14504254209722692 -0.7695560831543821 0.04060813195739934 0 0 0
1 0.040684240184033695 0.6314662728869146 -0.5425812973647554 0 0 0
1 0.46392314555276803 0.010797331959462766 0.48597272597520497 0 0 0
1 -0.33671214431398 -0.2917573641043527 0.6543912193825414 0 0 0
1 0.3171557632230066 0.05537423988969148 -0.8963645981837849 0 0 0
1 -0.9900344680838923 -0.045431455094096906 -0.06782993773946208 0 0 0
1 -0.63655905428168 -0.460217973936886 0.5618517252068612 0 0 0
1 0.053436090649099835 0.3717878123347754 -0.09748455814741641 0 0 0
1 -0.5554891080606636 -0.49032009957915446 0.12221426206172731 0 0 0
1 -0.9091807388198182 0.04649731645087448 0.2112129614572923 0 0 0
1 0.04846819801155452 -0.7897800236608726 0.5854805751911997 0 0 0
1 0.5613869847062742 0.5374943982201712 0.1738726637242256 0 0 0
1 -0.20859339616897163 -0.6728918947704878 -0.3798126140199476 0 0 0
1 -0.19268607734508528 -0.69198030188624 -0.3845483749601268 0 0 0
1 0.2151888303249018 -0.489381082203461 -0.25302216787534093 0 0 0
1 -0.5477943270984754 0.1496065861541676 -0.205901534559408 0 0 0
1 -0.10949189351640089 -0.5417391685203009 -0.7834417300975264 0 0 0
1 0.026675357050594768 -0.13136385074644444 -0.5695232577270262 0 0 0
1 0.2003486206460718 0.6175884170532513 -0.2353632040900234 0 0 0
1 0.22884047287431256 0.7138991781374074 0.03115912840984431 0 0 0
1 0.5437218491502821 0.3405829906135455 0.3875328773906162 0 0 0
1 -0.06340288285554288 0.18260468849417355 -0.02040816362987951 0 0 0
1 -0.023007418864721376 -0.018536595261861213 -0.9281285184298572 0 0 0
1 0.6005580236796947 0.5222388785567548 0.3026793863860973 0 0 0
1 -0.5372317564409854 0.003660832463573624 -0.09249555619104256 0 0 0
1 0.18880929309031275 -0.34119767730918305 -0.5085281616524671 0 0 0
1 0.37672478683238614 -0.05071903839593135 -0.573751358619073 0 0 0
1 0.6172130173378418 0.07836745062004637 0.24794564486525036 0 0 0
1 -0.3332087997627841 -0.8921903724196234 -0.11845061228627368 0 0 0
1 0.03099472838794617 0.1654722508180835 -0.3732671083420732 0 0 0
1 0.06726614767456875 0.48236289631798895 -0.3213284106209217 0 0 0
1 -0.12324847702464811 -0.36334706564660196 -0.6462040064769273 0 0 0
1 -0.5238783494630187 0.16813047291732539 -0.2031200791788286 0 0 0
1 0.3894001138207457 0.1877379688453681 -0.07611696962107978 0 0 0
1 0.557367281639549 0.6537962616813673 0.4820133112312508 0 0 0
1 -0.2647173878634718 -0.4791959582820778 -0.7915711562102556 0 0 0
1 -0.3192375172010001 -0.3784414416460021 0.17765267540981827 0 0 0
1 -0.04596730312872592 -0.2761990079894994 0.8949279088618445 0 0 0
1 0.6505707269127322 -0.03516561817638499 0.529300679971648 0 0 0
1 0.24812766155315 -0.31869722542030265 -0.362778318465765 0 0 0
1 0.8310806877911331 0.04795474305072099 -0.04619243381963826 0 0 0
1 -0.08720770765146549 -0.3929196929215929 -0.22434861428996988 0 0 0
1 -0.6784246798812383 0.3890810781860655 0.3258297615933523 0 0 0
1 -0.5218477457103483 -0.10720143631020038 0.6267236228549782 0 0 0
1 -0.25010833403308397 0.9390319564332472 0.1788321533780517 0 0 0
1 -0.19380650362450325 0.3502238153926553 -0.4868990430031775 0 0 0
1 -0.9239201159298683 0.1790524470848606 -0.0022366936524485584 0 0 0
1 -0.3331691055399634 0.12595004110191374 0.05102829793996697 0 0 0
1 0.23550620357133206 0.7160103086252013 0.3949540216165997 0 0 0
1 0.3111527129474332 -0.30696958763769394 -0.8320044756582724 0 0 0
1 -0.2878857683758275 0.010180189325101209 -0.4096273814349003 0 0 0
1 0.32055360871744676 0.7412240676278442 -0.10893039834391834 0 0 0
1 -0.11038609489147817 0.6351659212712585 -0.757702752079071 0 0 0
1 -0.7466660042605365 0.35739298186166263 0.1154636173691833 0 0 0
1 0.13516572832252682 -0.6765950894494878 -0.6105649229673539 0 0 0
1 0.630139063652335 -0.49348652076594995 0.19592809094502375 0 0 0
1 0.6926807510017287 -0.3405952650061266 -0.38615873648920473 0 0 0
1 -0.25637573700464644 -0.054602572020093186 -0.33586180290597706 0 0 0
1 0.2691013379156056 -0.7711480689848667 -0.5526245969020472 0 0 0
1 0.06850309641735958 0.2441787787229407 0.5011437297801391 0 0 0
1 -0.26882473589564565 0.3220574313425668 -0.24499509443321424 0 0 0
1 0.014791078869352204 -0.31954360871441656 0.046930240309381005 0 0 0
1 -0.3916690651485708 0.456895949876198 -0.7326364610532288 0 0 0
1 0.11411049782426454 0.17897908702189047 0.15786991057277355 0 0 0
1 -0.1106518911567942 -0.5234074667628118 -0.36428697959011686 0 0 0
1 0.051005483681222534 0.7142785341949688 0.02926173023558966 0 0 0
1 0.30341121007663213 0.3838286598881318 -0.7493348749009465 0 0 0
1 0.1804388292725251 -0.8633164022406116 0.13787986129286614 0 0 0
1 0.43212422419664365 0.2955149355649313 -0.3608146143108847 0 0 0
1 -0.8015071317233946 -0.31198285410534804 0.11222010142589865 0 0 0
1 0.3246809098290112 -0.3792424779744986 -0.7123367687114056 0 0 0
1 0.06122376315584199 -0.5217939210583783 0.031639116070246935 0 0 0
1 0.8530152504056869 -0.34823608880523815 -0.13544454983030724 0 0 0
1 0.3224381359092027 -0.6289739908252423 0.044478813700402006 0 0 0
1 -0.4381013735463393 -0.5090497294171736 0.006407993930978078 0 0 0
1 -0.007599781459884661 -0.0007017195536098437 -0.1517862937308162 0 0 0
1 -0.80016750111037 -0.23798258445715323 0.4588333553826724 0 0 0
1 0.27114798011078645 -0.09611657151922619 -0.7889929750528639 0 0 0
1 0.46383153567064533 -0.3648288685441148 0.09752053979301252 0 0 0
1 0.3342958711687563 0.4106152953653531 -0.1748047246056493 0 0 0
1 -0.12174181919356322 -0.3676694410707574 0.6973017577039016 0 0 0
1 0.6777514289084258 -0.5940671236589687 -0.20721198505326985 0 0 0
1 -0.040889654719945545 0.07173996398036586 -0.7087186888787997 0 0 0
1 0.20023521552350587 -0.5030419793857905 0.21356969702289583 0 0 0
1 0.794759284415381 -0.08024921534223012 -0.45486177157501373 0 0 0
1 -0.08649844368565594 0.4075247454628709 0.6691574970926701 0 0 0
1 -0.20085101502631897 0.3420202790177449 0.9081991029718395 0 0 0
1 -0.41787318480469277 0.14420257897082153 0.7521229833815289 0 0 0
1 -0.03955323672784506 -0.5858984967114735 -0.3116997639260352 0 0 0
1 -0.12860613195297874 -0.09533172498638277 0.7554521997112933 0 0 0
1 0.45968374702720316 -0.5839581863027123 -0.6174374232515644 0 0 0
1 -0.23020139971276568 0.24120588389009578 0.9039675077510292 0 0 0
1 0.6237218298683058 0.07666235953173157 0.404350382967146 0 0 0
1 -0.7319677659870869 -0.0713154426508984 0.46025297387707065 0 0 0
1 0.6135790568423363 0.537314874964185 0.37739748843129495 0 0 0
1 0.6037943196354686 -0.33725132302140126 0.5995646751657208 0 0 0
1 0.20313600720230962 0.45063873529740733 0.1218319670833044 0 0 0
1 0.27726521665120807 -0.5317358212615269 0.4356870204937379 0 0 0
1 -0.3856721522438228 0.8119274077629688 0.18844570670262537 0 0 0
1 0.4969678758276731 -0.7098885947477978 -0.42677835770854583 0 0 0
1 -0.6897941537810767 0.03984691549433564 -0.11851118038049926 0 0 0
1 -0.013023604523015007 -0.6918211420668271 0.18833277420085381 0 0 0
1 0.055487349427134874 -0.72623619492349 0.3704079182587293 0 0 0
1 -0.17216340479345232 0.28974048339757813 0.9191570682646432 0 0 0
1 0.20337896067172584 0.1585255690459892 0.30921799785667703 0 0 0
1 -0.25901389639070677 -0.057751000674495394 -0.7341027098102713 0 0 0
1 -0.39191885141441807 0.5101147383205895 0.2875994910934046 0 0 0
1 0.6086862635236143 -0.6154856199292211 0.28264933877253473 0 0 0
1 0.41758702583147045 0.40034761175642425 0.4637924582462567 0 0 0
1 -0.8606203704525285 0.2638757467262807 0.12092213514488163 0 0 0
1 0.5167256771182384 -0.26832307403562305 -0.41745150356138316 0 0 0
1 0.6355063884355576 0.24497876610439057 0.1627331253242404 0 0 0
1 -0.36052177646109423 -0.7168697781423178 0.14923189097760423 0 0 0
1 -0.8092916353606353 0.1338332143743566 0.03356985147744389 0 0 0
1 0.3976157453642791 -0.03355866526614605 0.37174420735719266 0 0 0
1 -0.2180364192635263 -0.5329817867856781 -0.6663908753898944 0 0 0
1 0.311264602312965 0.09894644317060435 0.2750759855269661 0 0 0
1 0.4857970807506833 -0.43737233818529603 0.47131949435204334 0 0 0
1 0.6676314326642615 -0.14943263429362014 -0.4099791452221971 0 0 0
1 0.6458210393411757 0.01639529213731484 -0.74720652921969 0 0 0
1 -0.018058210145751156 0.3734203474535995 -0.4726244498998724 0 0 0
1 -0.09179519338485313 -0.6351284868191936 -0.18153272787417665 0 0 0
1 0.13944694261368187 0.5197333984369789 -0.10407198977966257 0 0 0
1 0.7012545920042299 0.3059344538954281 -0.355022545966422 0 0 0
1 0.006305744453900693 0.8876756618346958 0.3332363271071712 0 0 0
1 -0.5072856426033419 -0.7276026213974972 -0.03166456703262785 0 0 0
1 -0.1528729127564636 -0.18375324210644903 0.6795207630183181 0 0 0
1 0.06573521908371568 0.47014662779595545 0.7096594443057699 0 0 0
1 0.3406108134979597 -0.5362093131313737 0.18132324144704456 0 0 0
1 -0.5648653861820352 -0.603342351057117 0.5454531959143781 0 0 0
1 -0.5260184251702406 -0.7927685212690273 -0.05789092923903259 0 0 0
1 0.1803920630968657 0.2791516972794619 0.4866453313502367 0 0 0
1 -0.1281929003018528 0.2619446971421274 0.6910222900333652 0 0 0
1 0.8678262495086848 0.0031017303454287915 0.3598817199996299 0 0 0
1 0.22497131056129066 -0.2656090201050806 -0.019293220908970368 0 0 0
1 0.8512617033596804 -0.2968011338805478 -0.4199554191178966 0 0 0
1 0.31494589941193224 -0.04967941519217992 -0.33589193352788305 0 0 0
1 0.47455229272918886 0.06548302086781921 0.2965134707307017 0 0 0
1 -0.24457369847032123 -0.30335957087308457 -0.17735927853677932 0 0 0
1 -0.0358377010579373 -0.13578071329638508 -0.4111292502999491 0 0 0
1 -0.34042161344131916 0.11732693332845316 0.021931557655093237 0 0 0
1 0.11858105425415587 -0.20206235934823957 -0.6379845690875903 0 0 0
1 -0.1661241237841245 0.339549475138778 0.5930442324246429 0 0 0
1 -0.3421688057425522 0.0823644039491519 -0.15781361113413783 0 0 0
1 -0.1190411546862367 0.3922831533348645 -0.34281960152218943 0 0 0
1 0.3000662049586542 -0.004250701718471989 -0.0786641635719472 0 0 0
1 -0.5214766233375575 0.35743931739536094 -0.06021594710865155 0 0 0
1 0.055801863962777344 -0.17983921825395482 -0.1229898331198187 0 0 0
1 -0.4082064781458165 -0.037131984860672346 -0.2727848152966117 0 0 0
1 -0.6151381655979692 0.01097899870941578 0.7806943780364255 0 0 0
1 0.769576995192659 -0.33986703015598113 0.36828037225043897 0 0 0
1 -0.4074425936122263 0.03473110775547142 0.11125066787702503 0 0 0
1 -0.3302867890799788 -0.11996350328563812 -0.23936106959493803 0 0 0
1 0.6815749014535771 -0.5003196539455259 -0.20491799118858026 0 0 0
1 -0.6821374305293474 0.5310144279137075 -0.46033260947562693 0 0 0
1 0.06558113126430468 -0.23466483055654372 -0.7471762352723109 0 0 0
1 0.5005309295736908 -0.4387350642964717 0.5906122022466306 0 0 0
1 0.545776319923263 -0.37406144594582924 0.4528634435735058 0 0 0
1 -0.11286432378861658 -0.4720574298050293 0.492601008321535 0 0 0
1 0.42168165450126655 -0.46883682574694413 0.5678484766062845 0 0 0
1 -0.06538114053096389 -0.3699241943129487 -0.38983153500447476 0 0 0
1 0.0017844600997031087 -0.20524626598207776 -0.39036887209069837 0 0 0
1 0.4478430408142306 -0.022989242073672214 -0.5603310670256144 0 0 0
1 -0.49402630821357973 -0.7137319645732583 0.34457421423550505 0 0 0
1 0.17090279087954885 -0.5972224239675449 0.5033465542477438 0 0 0
1 0.6951838199755594 0.5323911053252252 -0.1471401683702506 0 0 0
1 -0.6627563014047603 0.04241353290803415 0.08924990366525633 0 0 0
1 0.10093925958649097 0.24547093271489823 -0.6086775155096783 0 0 0
1 -0.5013732709354496 0.08698028014205376 -0.15353876465016533 0 0 0
1 -0.3899084978281794 -0.4189903359629435 0.4835196180015076 0 0 0
1 -0.288602653549236 0.865878779309834 0.27404082526108364 0 0 0
1 -0.25797790550963884 0.5830977704095462 -0.38956049742505 0 0 0
1 -0.9298739749935397 0.1543530337237624 0.1958346401255785 0 0 0
1 0.1034193063392345 -0.15385921345404752 -0.06516337814963027 0 0 0
1 0.8461358009785956 0.09965737289680415 0.13706673018866136 0 0 0
1 -0.06129507739351161 -0.39629222949537585 -0.1453077589351298 0 0 0
1 -0.32832164299165845 -0.008725831006021884 0.3577590700821774 0 0 0
1 -0.985355803237804 -0.12252865004327561 -0.013200032029610209 0 0 0
1 -0.740669591860197 -0.16704776007592192 0.07825859405090252 0 0 0
1 -0.755474463281113 -0.026006931626244262 0.6021548133299457 0 0 0
1 0.02512776890051659 -0.20995888927795997 -0.9725624841715663 0 0 0
1 0.15843835511886595 0.12577039943437043 0.12263140686589974 0 0 0
1 0.10905216951394933 -0.8433074148280122 -0.3839074575081779 0 0 0
1 -0.01719102493044723 -0.6256557915386805 0.5852983039320613 0 0 0
1 0.4753960703542634 -0.5183819591239577 0.20308831590696094 0 0 0
1 -0.013301546877189293 -0.22952993418936143 -0.0699823483107981 0 0 0
1 -0.25022834376471925 0.04509491659542228 0.07897405569007598 0 0 0
1 0.45296854805618236 -0.04830754118486578 0.8684339455133486 0 0 0
1 -0.7474219694356279 -0.37421153649374006 -0.3671880538419692 0 0 0
1 -0.398782447530313 -0.3812221848803037 0.2497455875163963 0 0 0
1 -0.3067310902082797 -0.3142543639870051 0.37136205056096144 0 0 0
1 -0.35239692034737635 -0.08340283137377208 -0.7334838902347913 0 0 0
1 -0.1984312666362493 0.8839825018199573 -0.05724353110742333 0 0 0
1 -0.2266473661316938 -0.3423752406687168 0.758622339003484 0 0 0
1 -0.6086549360936414 0.18727677942192464 -0.19097971206115114 0 0 0
1 -0.16036247350420066 -0.5958722989429629 -0.10907167146126685 0 0 0
1 0.6996587580360886 -0.5629939901949526 0.10097585090327153 0 0 0
1 -0.1170598930317036 -0.17863566209006873 -0.43244777195945194 0 0 0
1 0.3531360436247555 0.35744094512203345 -0.8465387494905522 0 0 0
1 0.21022476172754107 -0.4254546909568379 -0.7106847725512909 0 0 0
1 0.0971628653535759 0.1242231228767668 0.9668019468373661 0 0 0
1 -0.13468341972245917 -0.8218198900468751 0.2900266275256468 0 0 0
1 0.47132533015046574 0.10523211779065754 0.5222438571424618 0 0 0
1 0.4922265793394964 -0.1571955918569841 0.033864824713588516 0 0 0
1 0.029847826889348214 -0.35070803975794784 0.6687569329813449 0 0 0
1 -0.18657306879544455 0.40499068916415637 0.7569829566721525 0 0 0
1 0.14162335936642378 -0.48300623945402 -0.06042811551612401 0 0 0
1 0.5037592528857792 0.2344591699265889 0.4874326012780043 0 0 0
1 0.10354348043509211 -0.29935999873292635 0.6201625803815689 0 0 0
1 -0.4893849804693499 -0.32090409528366404 0.25746880532285954 0 0 0
1 -0.2555237952074388 -0.6528189281836546 0.3114335839772851 0 0 0
1 0.16511269900452108 0.13335444357694737 0.6308833676334294 0 0 0
1 0.30504633460517466 -0.21667753942440388 -0.3789961328990838 0 0 0
1 0.3273481134516987 -0.36801331763250283 -0.8567728768178927 0 0 0
1 0.5892271364022731 -0.0507123092501579 -0.4163474789021005 0 0 0
1 -0.03638044759072961 0.5261513368567046 0.660666298305767 0 0 0
1 -0.38913414834519044 0.7472723446773024 0.037076625203399376 0 0 0
1 0.277082596063958 -0.5685291928970723 -0.08183077259501408 0 0 0
1 0.7022823343463225 0.19814980757237602 -0.561264897814992 0 0 0
1 0.14809536962073552 0.030951541273322492 0.337425042190218 0 0 0
1 -0.28830841077993896 0.03615953671982445 0.26203478439138456 0 0 0
1 0.5253924987345059 -0.7208120359373827 0.08149388490205427 0 0 0
1 0.391983384310697 -0.1826094220101384 -0.5540976629278505 0 0 0
1 0.7754495221634329 0.08094489660985037 0.2662766590045539 0 0 0
1 0.0214555954588705 0.896094968544784 -0.05475906440767363 0 0 0
1 0.28129048006855584 0.16891817562248512 0.17894943393380613 0 0 0
1 0.8671565012581819 0.1892795833602133 -0.3135527576486474 0 0 0
1 0.4154054025083218 0.3825590373024123 0.3283241186806597 0 0 0
1 0.1844868521981324 -0.27044897596119677 0.8974770895252412 0 0 0
1 -0.4090999644017051 0.024519733877140938 0.06920574216751715 0 0 0
1 0.1857944727264885 0.6691797300186717 0.382407840724497 0 0 0
1 -0.34020908546082107 0.5188557294058025 0.2937454631061496 0 0 0
1 -0.057546990144794155 -0.5118905638492723 0.7414456094004321 0 0 0
1 -0.43596587151942734 -0.2924810974579289 -0.7355095516043687 0 0 0
1 -0.00790719844439939 -0.822301484446285 0.14107566383987413 0 0 0
1 -0.5417286769845429 -0.33441731703918276 0.0660671002567359 0 0 0
1 0.09121823229589507 0.15298250962820376 -0.6090968116573338 0 0 0
1 0.7608216125579713 -0.2516560585061028 -0.1542765090050185 0 0 0
1 0.9774423347900897 -0.026051337091503573 -0.20157925773867552 0 0 0
1 0.5060634529297104 0.1563588396266319 0.09461606106658528 0 0 0
1 -0.5234665942971393 -0.4622121535371725 0.5901168645728261 0 0 0
1 0.03894148220601232 0.2178612455736178 -0.6787771326493482 0 0 0
1 -0.33669422349571143 -0.4779020514508434 -0.2261374190538292 0 0 0
1 -0.23521346561158543 -0.3039260663155264 0.11827910801834389 0 0 0
1 -0.2587441487677403 0.11908712372654578 0.8898704479570146 0 0 0
1 0.2324280467228638 0.5674012362386203 -0.5409426472340928 0 0 0
1 0.017947951490857938 -0.8319929801427457 -0.007790221605834792 0 0 0
1 -0.1381339191076682 0.6480116388041817 0.21474706691489368 0 0 0
1 0.22918242055357263 -0.2274234810579204 0.7009279209842219 0 0 0
1 -0.6140696207988522 -0.1840101261866095 -0.6802530488934622 0 0 0
1 0.08114848005768635 0.6082443896206666 0.1802144879901152 0 0 0
1 -0.18153992977953975 -0.22528642581213143 0.04831943137496458 0 0 0
1 -0.8187882764188402 0.4187083581462952 -0.2237624455856202 0 0 0
1 -0.7390760104345455 -0.11434175853207967 0.015016808437305148 0 0 0
1 -0.275668626559764 -0.19814949095924408 -0.4552973537631269 0 0 0
1 0.809947136003802 -0.11768777676790465 0.10576691453363889 0 0 0
1 -0.3398213774379699 -0.3139043948981519 -0.3496959688649201 0 0 0
1 -0.010904799167456299 -0.19292848781869 0.8316410033559789 0 0 0
1 -0.027016475648193643 0.3101086427644548 -0.659020661857006 0 0 0
1 -0.2258891911397912 -0.17211169094886397 -0.1307915152502707 0 0 0
1 -0.08714174520705797 0.10416400077564453 -0.28025061718986366 0 0 0
1 -0.5313814805141893 -0.01858649457710624 -0.7678875654674502 0 0 0
1 0.31537960732138537 -0.03219327143537996 -0.30483428680803887 0 0 0
1 -0.6961861598480673 0.17809064038192554 -0.2679212477921724 0 0 0
1 -0.32636875697294254 -0.885187213795386 0.11168829478748002 0 0 0
1 0.0875034203805388 0.05497743159444762 0.2229926669663654 0 0 0
1 0.09509099496981337 0.34686841648332456 0.8324747614361498 0 0 0
1 0.777331418728978 0.02619731009128236 -0.5769126795799642 0 0 0
1 0.5506239673345005 0.7560778011437799 0.3269152373929058 0 0 0
1 -0.6968063096728059 0.5018819454133768 0.048580618870145746 0 0 0
1 0.16512060452771116 -0.45548342436171 0.4607459600728471 0 0 0
1 -0.21209165749251294 0.16399910731900255 0.5271184759938368 0 0 0
1 -0.36708704704276496 0.21560394837213695 0.777348823513397 0 0 0