132
0
7 4.692032960272815 -9.227050345032747 -0.49947165705664653 0 0 0
7 -0.656206903301401 -7.588016830262614 12.03989172618305 0 0 0
7 -2.1335095884763233 -2.9345900508513654 -1.8162710026125801 0 0 0
7 -9.308324874913454 0.2344792519640359 3.320793722074168 0 0 0
7 -8.892463386337015 4.523876121043687 -5.85709904833929 0 0 0
7 10.578148377355278 1.1047154560088648 -1.848428163464868 0 0 0
7 9.32580232790224 -5.601718814430651 -8.002218905109512 0 0 0
7 1.1748655923236064 3.691226930319931 -10.021530163151878 0 0 0
7 8.5532774137119 -7.920793885604388 -2.3693100114168937 0 0 0
7 -4.340946170315648 -6.830907268567053 -4.36108884035511 0 0 0
7 5.074645944378644 -12.74649926614393 -1.461191232193043 0 0 0
7 -9.28657224850575 -2.5557314212935407 -2.5017134319089345 0 0 0
7 -8.244941138787945 -0.8466249189097069 11.005222242928712 0 0 0
7 2.513399458601854 -6.444364631555583 2.012100309324366 0 0 0
7 -8.765638218125305 1.191538919960442 7.793529492370152 0 0 0
7 -12.713871089277967 1.9067732770988426 4.852941155832261 0 0 0
7 0.7357822069680056 -12.42114621248099 -2.699389542285859 0 0 0
7 -12.204208859791258 0.4739941248595712 5.808162123038481 0 0 0
7 -4.480287524117283 2.6220797739005 -2.7931277204463365 0 0 0
7 -8.864117042253213 3.608222539211684 -2.359498617613668 0 0 0
7 1.3105350917911218 -1.0282209526656756 -0.4407281597898752 0 0 0
7 -9.821424212933568 -2.252234521985664 -4.3963267326105555 0 0 0
7 -7.392650385976835 12.315842216509834 2.8966263793947524 0 0 0
7 1.24934905225399 2.8551276241594015 -5.178451139585662 0 0 0
7 2.0809155447119285 5.978717821575456 8.8686634057898 0 0 0
7 -4.217854401135869 -0.15589005287314603 7.581603614492987 0 0 0
7 6.159915445152459 6.362264075260126 2.924495710053773 0 0 0
7 6.013364251507652 -2.7200307465457843 -5.933185868442182 0 0 0
7 9.929768730083365 -2.181729810686907 9.230683334733909 0 0 0
7 -0.3946041063160924 -5.523709339963254 5.831352442029024 0 0 0
7 5.619749795533165 -5.239369335292551 -8.406804334896083 0 0 0
7 -6.8557184412904215 0.17171254019492035 4.782089184696207 0 0 0
7 2.150983513152908 2.050078176929365 8.432704843903638 0 0 0
7 -4.988098359597266 -5.692849807451239 4.416512935579471 0 0 0
7 -2.5372287895082715 4.356420301155875 -14.056454915364315 0 0 0
7 -9.575676783167602 1.6584722836847885 3.08748351500453 0 0 0
7 -8.289629749516417 -11.730120362964918 1.179325260813253 0 0 0
7 3.1312415574163257 2.900913832802577 5.495471915420526 0 0 0
7 2.265739178505907 7.6500580019549185 3.3780370778387345 0 0 0
7 -11.804093303195444 3.7615446140617843 -5.826558663918661 0 0 0
7 6.618011218138432 3.9649357621122725 -11.405007023082174 0 0 0
7 -8.808678207966802 -0.5834597766207954 -2.3111423330096827 0 0 0
7 -8.129271971321753 8.933546858657508 3.476111244693841 0 0 0
7 1.6411930120370406 -10.755461330329046 4.508507470043991 0 0 0
7 5.018005205370392 -4.333648539159818 -1.474664348838902 0 0 0
7 -8.335591117969773 9.365000349845994 -1.6642871017053318 0 0 0
7 2.486720024909551 -8.572420811249737 8.63670238320387 0 0 0
7 -0.3930074463941273 12.571719432425564 -0.9655174503722352 0 0 0
7 -12.402842640578111 4.876603623715795 6.470887289351252 0 0 0
7 -0.6645559979199509 -3.989152067909249 13.36939857682141 0 0 0
7 7.013230521038553 12.390190100627843 -4.610302519934851 0 0 0
7 -6.815603322897956 12.999420358928099 2.4831380284868345 0 0 0
7 -9.300232499305967 4.124442215491133 9.071640161016385 0 0 0
7 -0.8230043325049587 9.079410864415536 0.3883742667037882 0 0 0
7 -4.484188989832184 11.063808823933437 -4.819485628135992 0 0 0
7 8.89818998962701 -5.313449353889137 -9.610088229472085 0 0 0
7 -7.722040932979129 8.096149261418173 -4.964362276002677 0 0 0
7 -4.840740427355683 0.9465988193561673 -6.036013376884517 0 0 0
7 2.9316211135481085 1.3295102685405853 4.168964900456476 0 0 0
7 10.668497590264213 -10.357488757377457 0.1676783421245446 0 0 0
7 -3.512744778859796 -9.134484615529468 0.04208610400103989 0 0 0
7 3.0973447749574596 -1.2309963422345223 9.35916029303497 0 0 0
7 7.548640309356262 11.359928943079435 -6.066881012099334 0 0 0
7 -3.1306137645642704 -8.50741912336539 -7.008919694427204 0 0 0
7 -4.60715680444031 -6.924555611515302 2.059592131647035 0 0 0
7 -2.9634115248315145 5.206667447038585 0.40084645371182903 0 0 0
7 10.358392701918326 2.0042122904127315 -7.3780624823157295 0 0 0
7 13.015897299594759 -6.175091874024064 -3.426257130784271 0 0 0
7 4.241069302136256 -3.4636147307158107 -4.084249829394074 0 0 0
7 6.812997104539036 9.739920013730936 7.464057373512288 0 0 0
7 12.03645261896621 -1.2018185939775523 6.074991439066951 0 0 0
7 8.924546866038453 -2.326358431850723 2.47712011320725 0 0 0
7 -3.3362728942133173 12.95730702864547 4.728088304597253 0 0 0
7 -13.403647502361588 -3.9964430138420393 -5.227102956844565 0 0 0
7 -6.591857087610106 12.67092004617787 -0.08694086622990309 0 0 0
7 0.898081380507894 6.398957204178802 -8.569671373299636 0 0 0
7 -7.396060735662858 9.431721799870134 1.0077556477024827 0 0 0
7 -3.3244012093739683 4.8418297150583385 1.3690039056746832 0 0 0
7 -3.738186972026885 -10.711065721042685 5.367016552224574 0 0 0
7 -2.846626964511889 5.06583210918014 -7.113439272313924 0 0 0
7 -0.754719957779915 7.42834822121714 5.79885062104278 0 0 0
7 6.074454453966144 -0.1301481397804607 -10.423740178237942 0 0 0
7 -5.095709969817763 -10.140093047997109 4.447572486680849 0 0 0
7 10.91493445869445 -0.1187435955476501 8.865518402762307 0 0 0
7 3.669458782197682 3.551024450997912 6.9635271544348 0 0 0
7 7.099041427802338 -5.837227426124184 -0.4463544700687094 0 0 0
7 -3.327991191121666 8.791976186500744 -9.710403613656226 0 0 0
7 3.5195291472217134 2.64404592003243 -7.33473858369073 0 0 0
7 6.421892005809605 12.130111329052948 -2.5956543556322225 0 0 0
7 -2.359348089607445 -5.599759875165032 -11.637423989644667 0 0 0
7 8.597571565121289 5.372010299461127 2.6568308811381947 0 0 0
7 9.171491766289742 -2.310488120711868 3.9413124297808952 0 0 0
7 2.2126887650011042 -7.778691128591041 10.274719787535377 0 0 0
7 9.715838384275253 -3.380776341165275 5.892834153218967 0 0 0
7 8.740765715820789 -11.381150520229331 -3.595593423323102 0 0 0
7 7.053699638520718 6.19643068547342 -6.819330900209157 0 0 0
7 -1.561465200894383 -6.733524834897923 -2.108679884548308 0 0 0
7 -6.619957419534075 -6.2301152782313745 -0.4669811833983386 0 0 0
7 4.77543679975129 -10.545262414765807 9.186000324562421 0 0 0
7 7.993415087966685 -7.82230240652999 -0.24861195334919511 0 0 0
7 9.283407141078419 0.7737294164195565 9.420221047654882 0 0 0
7 -0.9667670476663885 -11.393544305242976 -8.976621878276182 0 0 0
7 -5.000058943751497 -10.471390687397987 9.290745255341664 0 0 0
7 -10.4897335474324 -5.965501061936559 -8.150709733407384 0 0 0
7 1.7059884413119708 13.882498313459248 -3.503157498619414 0 0 0
7 4.346759295789254 0.5094769665764207 14.107380373646494 0 0 0
7 9.924704066323306 -0.19824914509041286 0.5375178841886025 0 0 0
7 3.5031060631671784 9.829581026747931 -2.8779687132447993 0 0 0
7 9.986091575017667 5.570325319431559 5.082994622078535 0 0 0
7 8.583277171657157 7.456319652970678 -2.29828437128158 0 0 0
7 13.765997750843992 2.3714067193092694 -0.6047716013608444 0 0 0
7 11.887160827146625 3.1553648597860264 -5.334704378987517 0 0 0
7 -0.15758824333144164 0.5377168245399475 6.324685708398933 0 0 0
7 -11.85094782172373 -1.8296173581911916 -0.16112067720934695 0 0 0
7 13.543560154420524 1.2824156724569051 -2.18462939054255 0 0 0
7 -8.280271403137359 -0.2585632794614007 -4.190915349010199 0 0 0
7 -12.51517814744183 4.136053806941902 6.036320412761011 0 0 0
7 -0.10376410017896563 -1.6302117211897644 8.133939936308986 0 0 0
7 -0.26122518348403606 -8.141484619545034 11.216379276334896 0 0 0
7 8.54811156228423 -0.3301681254948594 -0.506165085425115 0 0 0
7 -0.7709387977536817 -3.2937868195023694 -1.3994128822757794 0 0 0
7 1.326161684455542 2.3283774852445895 2.7246701738103707 0 0 0
7 2.033895617302323 6.408660002605487 4.043017564514275 0 0 0
7 -2.88200446325903 -8.447102092150583 -4.259612676887687 0 0 0
7 9.59318568015894 3.0786521459848024 -3.5271825864728084 0 0 0
7 3.7377515828490733 -8.485800773999907 -4.632577935364533 0 0 0
7 0.04876111548148739 -9.208850069342828 -2.878107133211823 0 0 0
7 2.4405863600927473 3.9642020824044795 -12.863438637292079 0 0 0
7 -1.1396197603185896 3.255941133501714 9.24405802358598 0 0 0
7 -7.693477122906397 6.212763318720527 5.028359251079714 0 0 0
7 10.159034210993546 -5.0190419852524055 4.894544411934043 0 0 0
7 5.351025740398871 -5.2685812043072815 4.739860487989967 0 0 0