132
0
7 -3.202746786477099 5.996241325209897 -11.621266952185948 0 0 0
7 8.405110875273584 7.1517136471397285 -0.47729781389645093 0 0 0
7 -5.184836014166421 9.248140229586328 -6.141081086862903 0 0 0
7 7.864309798478539 1.4898985260136615 8.273134556043702 0 0 0
7 -6.780090206995818 6.875604045880861 3.295152099181907 0 0 0
7 -9.417372151761779 -3.545951768860552 8.301520025621642 0 0 0
7 -1.676858013218103 -1.2811501674635966 4.465725481946121 0 0 0
7 -0.5862192231964126 -8.928020844795089 -9.128045274389635 0 0 0
7 -1.6987920538449166 2.741004078367297 -1.5077119056224424 0 0 0
7 2.7501625847973816 10.663384497025184 -6.076965341093 0 0 0
7 -1.7723253519157385 5.812482427891435 -8.20003459180744 0 0 0
7 7.594081139577342 1.0002168460909153 -10.52651456444091 0 0 0
7 -2.2531642505403475 -10.151865194273705 -2.9966794912425407 0 0 0
7 -0.22850409320108367 -5.0261778799604 12.492058219726822 0 0 0
7 8.308682377665749 -2.0029285573375617 -0.9935110972259201 0 0 0
7 0.9531579233345029 1.3074695077344753 2.3752864788014114 0 0 0
7 -8.156261793249728 -6.221079327193556 -10.384301287701776 0 0 0
7 -7.356485953355198 -2.2898941477437793 -2.399235895894702 0 0 0
7 4.8972593285394135 -7.610351741216474 -0.2880206023574097 0 0 0
7 -6.075672659228893 -8.95082399311002 -5.23123088426287 0 0 0
7 -2.8805825617313103 6.149849721014725 -12.645859562293099 0 0 0
7 -6.818479180471199 -9.870779637421062 -6.073096890905915 0 0 0
7 8.115116241903301 3.741418422142952 -6.625057726011724 0 0 0
7 -10.019963993313901 6.550928158112278 -3.241265322623854 0 0 0
7 -1.1785370210071129 -10.972437549870278 -3.3873941109885615 0 0 0
7 7.733951793565557 5.052082049719613 -4.101552755793942 0 0 0
7 -7.145863146292508 -3.7764054110231613 9.696634546267328 0 0 0
7 -2.661431101840963 -5.49915862069237 2.6769718718084454 0 0 0
7 1.8114192339325417 -2.3301863989841687 9.661304715819822 0 0 0
7 3.962637274686642 -8.110433430055181 -1.9264261482190974 0 0 0
7 -1.466779022891388 12.90088166600756 3.2069117126949407 0 0 0
7 -7.769255819861148 9.347378106011245 -7.05856763993003 0 0 0
7 -11.66635281190625 1.5187882032916245 -2.5758136212234444 0 0 0
7 -9.895062598704527 -6.574488588833145 -0.16826960795497842 0 0 0
7 2.1092352890604134 -8.283303801957386 -4.04465317984588 0 0 0
7 6.98127596356611 -8.92180442622826 6.721109035112285 0 0 0
7 -6.7306910688153385 -3.3350179401388007 -8.098830356940512 0 0 0
7 1.5443272989671797 9.334311596341024 8.005203428129098 0 0 0
7 -9.92935170459933 6.340437481483963 0.2390481233450103 0 0 0
7 -9.039968774724272 6.864697758177242 2.89475419514951 0 0 0
7 5.980733017089836 -12.58977859172342 2.081909763249427 0 0 0
7 -2.0167614735423416 13.511711008112538 -4.510852982868574 0 0 0
7 8.86433916548885 -4.475048962437562 4.990111024859315 0 0 0
7 -1.1998373151424586 13.92248122519505 4.198142579715806 0 0 0
7 -7.1102897948148 9.685833308057656 -3.6047586559439924 0 0 0
7 -1.456669952243871 3.394069191579502 3.359981441367982 0 0 0
7 3.92288468948081 -1.3630647696792746 6.73012737719447 0 0 0
7 -3.9463694443521447 -7.581811021886878 -9.307325378814863 0 0 0
7 -0.6462078753572335 5.759938782200977 -4.44498510109257 0 0 0
7 -2.7168205058585575 11.77992316976752 -8.551189221416927 0 0 0
7 -9.515604374727955 -3.7762997621700776 -4.085625711352665 0 0 0
7 -9.20640795247483 -1.567474526793892 -0.7671702939064059 0 0 0
7 8.185880276085042 8.217981606386326 8.89466614838324 0 0 0
7 12.06156412425187 -0.586857041087978 -8.413134690807478 0 0 0
7 -6.284230924358533 2.7416542748420074 3.2281660529276794 0 0 0
7 10.153971575274522 -0.9651533568992066 -6.234782815806084 0 0 0
7 -2.05704005050391 -8.471350459801863 8.101553295371177 0 0 0
7 -1.7531431198393728 -14.190461904677784 0.5757727553687048 0 0 0
7 8.863846635085752 -6.181298524882295 -5.209912432755974 0 0 0
7 3.1630279606742437 1.213002702263046 1.2651608713964935 0 0 0
7 8.914966254680202 -2.2286293137078452 -1.6603922151004147 0 0 0
7 1.1840495065312855 -11.888538742613203 -2.6997151770610572 0 0 0
7 -1.5924299772352313 6.640696203730122 -1.0717230784500613 0 0 0
7 -10.629028733467358 8.307739177394184 3.7957075876174424 0 0 0
7 10.341823448282799 10.025119857766645 1.2619973378985694 0 0 0
7 4.609443648937499 -7.660985785926861 8.444782577126558 0 0 0
7 7.360083326994293 -2.3944143515470433 0.228441442850452 0 0 0
7 5.532756005220555 -5.87844454060083 12.259749084530496 0 0 0
7 -10.321812361141802 2.8332616666216017 1.7286872359124699 0 0 0
7 -0.9301526902371372 -7.454531118974773 -7.163726479002396 0 0 0
7 -2.6616308516308513 -11.380270852829353 2.587769684348431 0 0 0
7 4.426429383732416 -4.030154403095242 13.722444535538736 0 0 0
7 -3.5328092128702964 1.8559756456356284 -2.2036596831120376 0 0 0
7 -7.250653408708197 10.72850396385502 -5.123422147048354 0 0 0
7 8.325546131881776 2.116773475530142 -5.54483730673386 0 0 0
7 -11.284911137804475 -3.322319375604056 -2.80494404279481 0 0 0
7 0.5800649203138856 -2.7809719830631723 9.976709587782263 0 0 0
7 -5.299131255733431 5.07901757973273 6.989376812984369 0 0 0
7 -6.197476119709013 6.850480033224678 3.7370398822435296 0 0 0
7 -2.2575697998409683 8.00825946659655 -1.014515762801074 0 0 0
7 3.246108597785303 9.867268525366928 -0.3067340534887115 0 0 0
7 2.8936050414772874 2.602345476081103 -0.7149541563922746 0 0 0
7 13.916758280957417 -4.991705711916633 1.3997807522476033 0 0 0
7 -8.480281031680306 2.860492918333753 -5.239611688171001 0 0 0
7 7.395628390644133 -5.226779528992783 -9.992495137268818 0 0 0
7 -9.057572991284513 3.3313382319748515 -0.3111031929275244 0 0 0
7 12.05497722872252 -1.5181876256520634 1.5595241954664556 0 0 0
7 7.612447849463399 -0.15607067809491784 9.663279773723671 0 0 0
7 -4.823176649721399 1.0191912920797057 12.555042243983994 0 0 0
7 -0.5249779085233574 -3.7615855980406683 13.708869117835818 0 0 0
7 1.692546663857155 -10.19441510330766 0.43767557208082414 0 0 0
7 -10.060438324631296 5.593403708398422 -7.363918711250633 0 0 0
7 -6.338594889497402 0.35574610301446424 6.584845724631787 0 0 0
7 -5.367971601378418 6.701237539268619 -12.254337348353063 0 0 0
7 -0.9300709977764183 -0.9247885762996858 10.205373160487174 0 0 0
7 -5.765931127690533 1.499161772545101 -5.713002700961878 0 0 0
7 -7.419835267326308 -4.377941895541547 -0.3391942328550991 0 0 0
7 -6.3316553067426025 2.0738572838104457 -5.753895899328134 0 0 0
7 -1.0408503774106046 -0.9983025193876548 -10.134444738199603 0 0 0
7 12.442024421784073 2.274935913919431 4.933170158598865 0 0 0
7 0.3213438343972334 -4.600042569652527 6.401154929709735 0 0 0
7 -8.585804008871357 -5.742403468073072 7.628863265771284 0 0 0
7 5.660047886535847 -7.827649667415982 -2.349242706811798 0 0 0
7 -10.736267754667308 3.244285276629697 -9.170062374210167 0 0 0
7 -2.463659473157664 -6.284622420490056 -10.618581066191084 0 0 0
7 -9.87637344243977 3.9180319266870236 3.32239707709857 0 0 0
7 6.981604045914501 -8.5195164682253 -8.8109584815837 0 0 0
7 -2.508018342458911 -2.795040156995801 -2.799336906174178 0 0 0
7 -3.9640338707116882 -6.252343880076393 12.768363291382217 0 0 0
7 -0.859630941202663 -4.782511932102445 0.3712001903888012 0 0 0
7 -0.3067480907592803 -5.366252016507657 -12.54634468742019 0 0 0
7 9.377011903849185 -9.92637948198277 1.5228966404920272 0 0 0
7 6.8953847045424785 -1.8286958545281269 5.000326493928491 0 0 0
7 1.3871682418215008 0.8372304575393156 -0.1831750739260562 0 0 0
7 2.6208892396047125 0.20728730196824188 -12.275208502182466 0 0 0
7 4.56985176783382 6.240590360151754 1.8984441214074692 0 0 0
7 -3.6647075562470706 1.265574269834403 0.9548582980420905 0 0 0
7 1.9751341759949974 -5.157110714104945 -2.033277426553901 0 0 0
7 2.3603712657340727 6.600823476038287 4.3233453048537696 0 0 0
7 -7.013286566612767 -10.245908059342723 1.1987259443940517 0 0 0
7 6.929353441841178 0.2227113076397453 -6.496387547438012 0 0 0
7 -9.467503319667221 2.187967747372415 -8.76148677515537 0 0 0
7 1.0231899281139283 -5.755254917978309 11.863512179435242 0 0 0
7 6.635101408781906 -11.174894104435399 -4.392993273752586 0 0 0
7 -1.1932847219962148 7.465415034059797 -7.365381229864653 0 0 0
7 12.568912208527449 0.9087784837159135 1.9343232112273587 0 0 0
7 4.17124326405766 6.084137867444708 2.2944610810627313 0 0 0
7 -4.136682072787969 -7.488798302059354 -2.2669356690787437 0 0 0
7 5.095252607610947 3.7006258812706565 -9.466476158516778 0 0 0
7 -9.258083373302235 -5.511136806401496 -4.7031326480305795 0 0 0
7 4.312481687553675 -3.7388325133954763 4.249923509453049 0 0 0
7 -7.5375444878371844 12.154013880747227 -3.0431226721105267 0 0 0