1000
0
1 0.32868881781109877 -0.6498018351892675 0.6169273202212651 0 0 0
1 0.30341453146348807 0.612900172616872 -0.4868451388634765 0 0 0
1 0.09662042664187816 0.5289162905638876 -0.8129433300954694 0 0 0
1 0.19481536312853828 -0.4142142365632493 0.8167902498580294 0 0 0
1 0.04011942389047347 -0.29112840748560687 0.6017952160535036 0 0 0
1 0.14470727002815661 0.8117349739692066 0.12908663667210424 0 0 0
1 -0.1483751868131691 0.028215609926318712 0.6472871843878494 0 0 0
1 -0.09484386621798699 -0.7204202455348228 -0.08771535467126255 0 0 0
1 -0.8038615939098646 -0.15041164422622083 0.5531724357016841 0 0 0
1 -0.8015523072033758 -0.3743024827958762 -0.02151228409653883 0 0 0
1 -0.34958576465937347 -0.7533966729055614 0.06118518225448359 0 0 0
1 0.15907894267977077 -0.1537935539380116 -0.9110948122863575 0 0 0
1 -0.7292392399733063 0.2111084354867635 0.4155982872946975 0 0 0
1 0.03368764923171824 -0.10502453906055946 0.2128147821321061 0 0 0
1 -0.3887357393923218 0.6941502833949651 0.5430671433436915 0 0 0
1 0.40799491122265663 -0.7304363700201559 0.36898333737106565 0 0 0
1 0.6623252343330773 -0.17118191259169324 -0.2922585439359524 0 0 0
1 0.22151526305567715 0.8471194407255729 0.43704651332229894 0 0 0
1 -0.4344125044406649 -0.07786705967858158 -0.8503237725055356 0 0 0
1 -0.5314587554368252 0.18016678802529978 0.21639683823308387 0 0 0
1 0.03616594444588029 0.9682208074666154 0.12938292040799532 0 0 0
1 0.356401502600397 -0.3748648163866612 0.6977151205637014 0 0 0
1 -0.21877550805170204 -0.28457998966220277 0.7081855949448255 0 0 0
1 -0.07184010077573791 0.179662976556967 -0.8759249993701187 0 0 0
1 0.2374583471358814 -0.8211548484484431 0.31960390877311934 0 0 0
1 -0.23126126571956987 0.14099659063226055 -0.6648966200248085 0 0 0
1 0.26027546983749467 0.7697922092822143 -0.44359461731070365 0 0 0
1 -0.1285569144672763 0.0897704482843605 0.839024028439315 0 0 0
1 0.49922867191936826 0.11277677678125865 0.6202981301733097 0 0 0
1 -0.14355018381351292 -0.6834161768744443 -0.557876529410627 0 0 0
1 0.08197722043942506 -0.6874460047423285 0.4399266600667976 0 0 0
1 0.1226521932250466 -0.02986434486776193 0.46964143434416283 0 0 0
1 -0.39416126223054365 0.44117695745313795 0.5640070102884251 0 0 0
1 -0.46769391614280004 0.3345932411830983 -0.22621466095019832 0 0 0
1 -0.016909310828967922 0.5485240251150246 -0.6627102685899173 0 0 0
1 0.6660686840180535 0.20140761998514728 0.6071832720523876 0 0 0
1 -0.3294139443517008 -0.1664707197646532 0.4052617858546186 0 0 0
1 -0.23645806951007944 0.4457159931092059 -0.8160201125858209 0 0 0
1 -0.7453743365863083 -0.5800737647114521 -0.1769797314688005 0 0 0
1 -0.27202134716136256 -0.2703845323700618 -0.4424536450489878 0 0 0
1 -0.14429364723359 -0.4696263183356477 0.5111254458687359 0 0 0
1 -0.10765799229545031 -0.007695653894679383 0.9506979394380051 0 0 0
1 -0.17723314118366215 -0.23762796933887986 0.9053521286865813 0 0 0
1 -0.7691987961319702 -0.007228895845966005 -0.4929156450881366 0 0 0
1 0.5956924483719264 -0.6254864827288453 -0.04339668876930079 0 0 0
1 0.12995877423142452 -0.13782289578592627 -0.1931298131065217 0 0 0
1 -0.30563382626306196 0.5946919904019339 -0.5665080442948162 0 0 0
1 -0.2034698704574308 0.2128834861110824 -0.2158545498370863 0 0 0
1 -0.5109335263266639 -0.286935962148792 0.6672351253819406 0 0 0
1 0.17437563314974228 -0.316701468576455 -0.7137770278578588 0 0 0
1 0.36449922634964643 -0.3655133684864796 0.7401666927052789 0 0 0
1 -0.1463199285425851 -0.2927830914916228 0.4283743438602089 0 0 0
1 -0.29107174609328207 0.6790613147143172 -0.16808527030346138 0 0 0
1 -0.8090206146159108 0.404602189824655 0.09830509362865227 0 0 0
1 0.46812380443663226 0.4259238708649835 0.5077062830974456 0 0 0
1 0.6274509530172275 -0.3668739317994273 0.39111990449319517 0 0 0
1 0.20808440780578735 -0.5015810428824045 0.4281550273318754 0 0 0
1 -0.776157153068896 -0.4704503255044154 0.2349499246842208 0 0 0
1 0.3723483862920295 -0.6018382195817785 -0.012374705270455314 0 0 0
1 0.05638538669440624 0.3490443460961169 -0.06149120299727216 0 0 0
1 -0.3834561136963211 0.20125776879261173 -0.17349673983396963 0 0 0
1 0.5021519795070134 0.6422537824070247 0.5738534434937558 0 0 0
1 -0.3290893647531386 -0.2989906761596715 -0.5461341383561178 0 0 0
1 0.3092951022080967 -0.616031342639899 0.04810734393955742 0 0 0
1 0.47452695016721785 -0.1622633408684481 -0.3253405739800332 0 0 0
1 0.06439925839636944 -0.6176513250359061 -0.6094033154980811 0 0 0
1 -0.06412408607647326 0.25545669338088084 0.92473354943012 0 0 0
1 0.7880607383307365 -0.24856337452273736 0.16965295487520787 0 0 0
1 -0.8651425337899986 -0.19018354768299164 0.03871405966177461 0 0 0
1 -0.009095039080047048 0.015610211244085948 -0.9156948324266067 0 0 0
1 0.030678974955706862 0.050591407681480904 -0.46767775387890986 0 0 0
1 -0.3321516954659161 0.2506323271262654 -0.822713196529013 0 0 0
1 0.7037433337684449 0.3331944026715145 0.4817427764090069 0 0 0
1 0.2548198423230694 -0.15715689619223905 0.4764031578302164 0 0 0
1 -0.03549310099181419 -0.4529967835675096 -0.0435141180988126 0 0 0
1 -0.4948026542761564 0.46149163049666475 -0.4061131950814155 0 0 0
1 0.6665278894424774 -0.0019361123573135865 -0.6792738860917121 0 0 0
1 0.2576388777651137 -0.15121592725910754 0.8371107675555091 0 0 0
1 -0.3707097643975643 0.23247203293047639 0.4780237024706553 0 0 0
1 0.22258957739142254 0.3626045924133617 0.7485218462778659 0 0 0
1 -0.021632042463309725 -0.1843782511539092 0.1527906554679299 0 0 0
1 -0.24185918385257862 -0.2670907359909279 -0.1352659143956899 0 0 0
1 -0.4936590702383264 0.08522480497976294 -0.35537824714579636 0 0 0
1 0.11209370193530989 -0.4740406531257941 0.5832576253540777 0 0 0
1 0.6207818576203202 0.015273461591666225 -0.5864208270904758 0 0 0
1 0.2657320516122049 0.7388231261802943 0.08353097814345391 0 0 0
1 -0.9782653756092278 0.13897650612832796 0.14115605739524117 0 0 0
1 0.4094963554497777 -0.058376432747797725 -0.33660621569403104 0 0 0
1 -0.7932242290875322 -0.5225502467659469 0.09168718099468234 0 0 0
1 -0.26076369795153065 -0.07943726294649216 -0.7878388433109438 0 0 0
1 -0.2404086988756054 -0.953000148272084 -0.02247421241469292 0 0 0
1 -0.3364251593188914 -0.09041240259951423 -0.7966947975770395 0 0 0
1 0.27197473825418067 -0.2598674403366297 -0.9028625803803667 0 0 0
1 -0.28341539065785526 -0.5580358081305936 0.45377741377043945 0 0 0
1 0.6977800012821608 -0.47650907709262 -0.12442649507332626 0 0 0
1 0.37029623000038553 -0.4388240545823493 -0.03206378994010101 0 0 0
1 -0.23893181311192696 -0.5484398304854579 -0.15978633048305985 0 0 0
1 -0.29715935857986514 -0.6922902901616601 0.19429462397927397 0 0 0
1 0.44132467669929354 0.594409442584634 -0.6372729649356889 0 0 0
1 -0.33649591394948114 -0.21877536764612254 -0.5515311308174592 0 0 0
1 0.0727427595736582 0.10694930422533218 0.5034958356054451 0 0 0
1 0.6173061097959253 0.004372234363096167 0.3445908958528139 0 0 0
1 0.036202524607861775 0.8765844994812965 0.3163725782124062 0 0 0
1 0.006392050556151156 -0.6549125018634168 0.20624542109408706 0 0 0
1 0.1943212992499007 -0.019800417618773714 -0.10227382885334588 0 0 0
1 -0.19180574261969857 0.17272440523960622 0.6815139592082616 0 0 0
1 -0.27963811563633023 0.019576644830287225 0.5045380467672052 0 0 0
1 -0.5897753704946838 -0.2450827265918694 0.25146496660339507 0 0 0
1 -0.16577122963799396 -0.6668206213224513 -0.2122865751912715 0 0 0
1 -0.41268553448261247 0.5552334490640018 0.4776913083816316 0 0 0
1 -0.619354707488349 -0.6588177137994005 0.319573125755245 0 0 0
1 -0.19407145016937122 0.7778668253120761 -0.21659831245497035 0 0 0
1 -0.2151952743993137 0.0746719550745424 0.8998783348635729 0 0 0
1 0.40577240120075897 0.6013717066094901 -0.03507291108582391 0 0 0
1 -0.8319734659925404 -0.017885162971436802 -0.1502607579905225 0 0 0
1 0.5583863246866002 0.011864168668778643 0.06208983441126784 0 0 0
1 -0.3845729725701156 0.5913929474961795 -0.4218908593460593 0 0 0
1 0.1169065763108168 -0.663215800338334 -0.2961127448028806 0 0 0
1 0.04691454535585892 0.18177595927069512 0.8102143451447784 0 0 0
1 0.1259278776192119 0.7340360582468194 0.48785969897007975 0 0 0
1 -0.34794301062044114 0.1503071977575628 -0.8204745786138482 0 0 0
1 -0.08699942710293836 0.40646811599265054 -0.6989176619251152 0 0 0
1 0.5447174966297368 0.18732405570288613 0.7265548322567011 0 0 0
1 0.391078015582595 -0.23276679133974268 0.46479550727274105 0 0 0
1 -0.7898733706855341 0.5786884130713884 0.10020970542046516 0 0 0
1 0.9122649523216018 0.23171102226779797 0.03410924383609441 0 0 0
1 0.7392872343749254 0.37588741217817007 0.09395714792962385 0 0 0
1 -0.3475528480619316 -0.04052724344357322 0.173724984179921 0 0 0
1 -0.49440079558781735 -0.1798311785527945 0.10610479937288657 0 0 0
1 0.06125938275076932 -0.4093918876674399 0.7724081652965037 0 0 0
1 0.4290431276880747 -0.08543645727692853 -0.33178589677230813 0 0 0
1 0.2981438458666579 0.15787523347207302 0.7917390937622872 0 0 0
1 -0.10908426688236017 0.3517655621635168 0.665976197424199 0 0 0
1 0.13535850307881106 -0.3294794226914362 -0.25650094526094364 0 0 0
1 0.15431968659789927 -0.1123534679476405 -0.5480231851177276 0 0 0
1 0.9006339880262981 -0.3377791435062675 0.04997616489542561 0 0 0
1 -0.2740204833660095 -0.09642440860743685 -0.9123770445813547 0 0 0
1 -0.2353552211329773 0.7367759922715318 -0.4784832992666236 0 0 0
1 -0.1354163551278464 0.026221719050629148 0.7146306783604368 0 0 0
1 0.8791429166522207 -0.19822894000721125 0.08906050426819374 0 0 0
1 0.24779689540164349 -0.3001108611199328 -0.8307963186438377 0 0 0
1 -0.10179884280126053 -0.4141899088666956 -0.46216207547786725 0 0 0
1 -0.9530408460423393 0.07796293852442408 0.14280558885812872 0 0 0
1 -0.03577235364403141 0.7720012411911302 -0.01196455797229146 0 0 0
1 -0.4880495501654411 0.8438877885397759 -0.14892024912165686 0 0 0
1 -0.26892013317785074 0.12055562766166177 0.012396404924478768 0 0 0
1 -0.6748680704650166 -0.2648386451760654 -0.0693895047777812 0 0 0
1 -0.6553838881810321 0.6901089086261551 -0.03135512095563435 0 0 0
1 -0.425231528088039 0.16640501812425526 0.4692303585965872 0 0 0
1 0.24588648361895785 -0.666256235105928 0.6307547391353939 0 0 0
1 0.0730943497340828 -0.41917669932452817 -0.841293775940918 0 0 0
1 -0.11550047540184298 0.09706169488226177 -0.6437888739575717 0 0 0
1 0.5668117097155646 -0.6269319058165327 -0.296923425521114 0 0 0
1 0.34092180505702707 0.6620442249077086 -0.14773258449543547 0 0 0
1 0.717975413624405 0.05713390146139105 0.10232290725487614 0 0 0
1 0.20246609464554147 -0.2847970713271736 -0.6439630720529205 0 0 0
1 0.10818565856301147 0.41951764709772765 0.6934177060341503 0 0 0
1 -0.8677342057160466 0.34504754171460944 0.050846697317928395 0 0 0
1 -0.4149083923246816 -0.15391962734834655 0.6474149748049123 0 0 0
1 -0.05548458329573097 -0.4544667215713819 -0.03805442846755833 0 0 0
1 0.5861232836020283 0.15703613447456302 -0.10024667288119678 0 0 0
1 -0.041613689969265816 -0.3239912045618872 -0.23043062431125524 0 0 0
1 0.49101640041656064 0.6233305917639083 0.5797731171411971 0 0 0
1 0.4981165464773318 0.45206877854135513 0.23783669192036616 0 0 0
1 0.07506731624114363 -0.5202025476060479 0.6366032828870681 0 0 0
1 -0.28354342607704053 -0.4915534594384055 0.44118167177834616 0 0 0
1 0.9147854883968713 -0.11012339637349505 -0.07548763201673105 0 0 0
1 -0.14085902978751338 0.49736085712512845 0.5363563489132515 0 0 0
1 0.13354776570314703 -0.2946865572973114 0.38176285128833726 0 0 0
1 -0.2713735171964653 0.6354250158709537 -0.0703082225932927 0 0 0
1 -0.5785673060773676 -0.1113472217679387 -0.24525862996276887 0 0 0
1 0.020433967220008998 -0.7688723065080398 -0.22435808044913905 0 0 0
1 0.13146929116169725 -0.808526669166528 -0.2587379149248612 0 0 0
1 0.01825541151187251 -0.24929870287221081 -0.3770733410803747 0 0 0
1 0.32192812497881246 -0.12295737654666268 0.8344273826148754 0 0 0
1 0.26267086242023807 0.4873664714994251 -0.5455997637516234 0 0 0
1 -0.3470548047653381 0.31427644451249165 -0.40587634715395443 0 0 0
1 -0.2882671336576115 0.12407081094872656 0.3265050728368465 0 0 0
1 0.5795451482654063 -0.20892042596417604 0.05192540329055577 0 0 0
1 0.27291546335988986 -0.27055274969040227 0.4044644959071034 0 0 0
1 0.15064089158094765 -0.05682618345498486 0.5748334791981782 0 0 0
1 0.5409601077811812 -0.05279854769460621 -0.6033730062651337 0 0 0
1 -0.2526731606266797 -0.8143049891383365 -0.388000785013363 0 0 0
1 -0.2446012176858683 0.02238510563506035 0.9614146694336747 0 0 0
1 -0.36482868595542434 0.590534671101749 -0.627934219090498 0 0 0
1 -0.5199743874072118 -0.048054785540148214 -0.21520933256138108 0 0 0
1 -0.5767662872246622 0.320100414773951 0.582083475768617 0 0 0
1 0.06332971431230304 -0.01292954598931928 -0.6528400141950874 0 0 0
1 0.6387007400610368 -0.17746876933420314 -0.3238958496197636 0 0 0
1 -0.555893694705433 0.7280978787444978 -0.09657471139314945 0 0 0
1 0.4234753512465858 -0.4255610271658546 -0.18258290257405535 0 0 0
1 -0.5467865154062264 -0.3559242278349208 0.36307913246239654 0 0 0
1 -0.06276597639027265 -0.336392653559531 -0.13645139245621482 0 0 0
1 0.2808183500648915 -0.30416403578092727 -0.5422326959902373 0 0 0
1 0.8275186589132679 0.172403576551435 0.08236290121383912 0 0 0
1 -0.19810018072875973 -0.4179318747033271 0.4552369523250003 0 0 0
1 0.17995285190047414 0.5015214818348698 -0.7280646548585681 0 0 0
1 -0.44645160177335874 -0.7163136540015067 0.13933702468874343 0 0 0
1 0.05102283377625686 0.3700360417354066 0.7535203495521363 0 0 0
1 0.12514302577245204 0.04977925146104046 0.4406307446905154 0 0 0
1 -0.5863404858641067 -0.6169438516765147 -0.2138336766485775 0 0 0
1 0.11857348343383536 -0.4912188303384549 0.5136937004953357 0 0 0
1 0.29737565113126807 0.20375097904326428 -0.6952691111078826 0 0 0
1 -0.05023681628234237 0.3011216708777902 0.1752027873447139 0 0 0
1 -0.3947503202947613 -0.020571554823420695 -0.18034990944337 0 0 0
1 0.16478944664702155 0.020667787683812274 -0.6300801162417371 0 0 0
1 -0.37198228848714665 0.1352034603434662 0.6252769801754484 0 0 0
1 -0.040674954601646815 0.16846828835898323 0.15771159053350362 0 0 0
1 -0.3503496117328295 -0.3073322895962459 0.0002912110451019948 0 0 0
1 0.5466813404015896 0.6817297560797001 -0.3306980168867545 0 0 0
1 0.07922897714508732 -0.3880211478376918 -0.05416183100216295 0 0 0
1 0.12340276663533212 0.0398729833859881 0.6083507604663151 0 0 0
1 -0.20735406606558396 -0.6816022826514657 -0.5576569345837168 0 0 0
1 0.22110012595856152 -0.10813405176849371 -0.27836252471441914 0 0 0
1 0.7848180183289926 0.19589406173315374 -0.1662480906272051 0 0 0
1 -0.4427319991763711 0.6394610013834049 -0.17607609887819564 0 0 0
1 -0.24154404696374712 -0.22576387914341595 -0.8925763606551975 0 0 0
1 0.016574758892880726 -0.2728787666372113 -0.2806920563004056 0 0 0
1 0.10886865558225205 0.558256438163569 -0.04178080445535601 0 0 0
1 0.054177954258747 -0.8970539316875773 0.3425364901963799 0 0 0
1 -0.14787696363157954 0.008614567139604219 -0.47105429443389985 0 0 0
1 0.3411010490978744 -0.683937953492604 -0.312240558409744 0 0 0
1 0.5335027187022878 -0.21713844805583205 -0.6897722810691238 0 0 0
1 0.993198685573856 0.10005977089059481 -0.05224827138050141 0 0 0
1 -0.3065924926420258 0.2610054818450687 -0.255338918577783 0 0 0
1 -0.4841981781081852 -0.33576375018274757 0.7867354009885204 0 0 0
1 -0.3870764685047575 0.08591246368081235 0.019673329367817544 0 0 0
1 0.2016054211104053 -0.18907526494973612 0.6374691487712085 0 0 0
1 -0.03210086249240417 0.8397389587589575 0.03154564130322986 0 0 0
1 0.3108055409772749 -0.29740185245515527 -0.4425764688800977 0 0 0
1 -0.7212198259767896 -0.4943143347076447 0.24492870067757858 0 0 0
1 -0.479923542227264 -0.004115964036847659 0.13831486540333773 0 0 0
1 0.21111830179529267 -0.7635067302077039 -0.4473391559539062 0 0 0
1 -0.09596695400605679 -0.3279467295222097 -0.6726522931953882 0 0 0
1 -0.12253920621031406 -0.06757083585556074 0.049909320772069506 0 0 0
1 0.31551170433527675 -0.5173219320815976 -0.05724901547902525 0 0 0
1 0.7294364189227007 0.13887386986307843 0.5491515985590701 0 0 0
1 -0.10441653371113559 0.06933473005890352 0.34059755115118856 0 0 0
1 0.13827581954128362 -0.3944088268682863 -0.7041443028816848 0 0 0
1 -0.07017297868645828 0.5218036806537824 -0.28240114224249563 0 0 0
1 0.008849938481127183 -0.07747893104281212 -0.6770957908607873 0 0 0
1 -0.8554886768522215 0.11207264901787042 0.015724260989945643 0 0 0
1 0.2706733168546717 0.1115516030256926 -0.6369643652360955 0 0 0
1 -0.3139932914162804 -0.5442640500906009 0.526792218939593 0 0 0
1 -0.028659023655458055 0.12059353842973661 0.01409311038113952 0 0 0
1 0.3910159151592598 -0.8062459228615376 0.07658667777230452 0 0 0
1 0.6565828142437533 -0.18224216565391527 -0.0033471411284892562 0 0 0
1 -0.7294005333598307 -0.13461544156593935 0.4313394776852281 0 0 0
1 0.15264593829524795 -0.2792099216058905 0.11750686433119517 0 0 0
1 0.4858500997754366 -0.030406450701690263 -0.22706885318553963 0 0 0
1 -0.14029800199800077 0.8274667769070985 -0.2563567587234748 0 0 0
1 0.21345319115941938 -0.6424004405656175 -0.03085964763525739 0 0 0
1 -0.14887486529123117 0.008394071250176986 -0.9132379453959807 0 0 0
1 0.3176907284598054 -0.2139866503648791 0.3771349395574617 0 0 0
1 0.009403147683391896 -0.5273140846301815 0.0848874468665289 0 0 0
1 0.7773303994008168 -0.389778705681287 0.4088539973299998 0 0 0
1 -0.19592110870720086 -0.1865954184532388 0.929254026274493 0 0 0
1 0.08892379482233898 0.5218384307228854 0.23162524256984535 0 0 0
1 -0.7058717803397382 0.002330620120837875 0.05391448701619875 0 0 0
1 -0.5751641445459386 0.21552272681925394 0.24118715876056196 0 0 0
1 0.6210705247780393 -0.10466936776864842 0.22762874297975036 0 0 0
1 -0.8069251919558973 0.005626082585458166 0.20547866947116883 0 0 0
1 -0.07577010498265814 -0.06646592706670015 -0.2108958465045135 0 0 0
1 -0.4321989263829025 -0.08281827694760086 0.3161922524139082 0 0 0
1 0.38504305159628927 -0.6868203966117782 -0.32045948348589404 0 0 0
1 -0.09898946582780717 -0.6463680386395796 -0.14756306040648762 0 0 0
1 0.3218771329846383 0.14182569260529213 0.4450077451503993 0 0 0
1 -0.7927801310852072 0.04682266665838404 0.07463606582660763 0 0 0
1 0.33241697326310476 -0.38999912356026667 0.0487450485258554 0 0 0
1 -0.7300960799282742 0.4020669198246625 -0.3067772219664614 0 0 0
1 -0.575084134296097 -0.7426405140708978 -0.20851380698782346 0 0 0
1 0.5278363812738807 0.4455927980197545 0.3083798325529086 0 0 0
1 -0.21693065369878942 -0.23506187782739985 -0.8381885768443273 0 0 0
1 0.5461616411985017 -0.7438667608242485 -0.017019854842477623 0 0 0
1 0.9140475723120381 -0.09002035984038388 -0.335771041020646 0 0 0
1 -0.6745145196852163 -0.5773053385807714 -0.13779458934713062 0 0 0
1 -0.4689622194952798 -0.47141395127081476 0.7238895677760026 0 0 0
1 -0.6472528731941483 0.3605508898730618 -0.09112349754107289 0 0 0
1 0.13989083225873214 -0.8307597787756111 -0.5262332737113613 0 0 0
1 0.7814237436210516 0.4960340873985713 -0.13805223232092895 0 0 0
1 -0.1943784290311059 -0.10151322741366259 -0.5005492547687949 0 0 0
1 -0.6329366422238633 -0.10462367775565905 -0.31362771880585827 0 0 0
1 0.046305682656469414 0.09324258412454452 -0.44953163234485893 0 0 0
1 0.2554434173210845 -0.15015061098508176 -0.7710603563954151 0 0 0
1 0.750147312916661 -0.08748497196815049 0.5532184969007485 0 0 0
1 -0.2964126293104511 0.8074442159505004 0.1876815406673681 0 0 0
1 -0.036491347230120444 -0.39092170507064083 -0.34458189967250297 0 0 0
1 0.3290922255601608 0.32382546301286863 0.039392286230572254 0 0 0
1 -0.6533386277382108 0.33849978835800487 0.47774559610520917 0 0 0
1 -0.4522162555742303 0.7122392652781824 -0.3266263967195172 0 0 0
1 0.16311436626795373 -0.2702591282853089 -0.320485946741202 0 0 0
1 0.18486712716899012 0.6978003605728544 -0.4942467969477264 0 0 0
1 0.6717885265450235 -0.3561159993274186 -0.3314542752926165 0 0 0
1 -0.11321157227532327 0.17930393941867603 0.5234246213413037 0 0 0
1 0.00957374517096811 0.1615869135995445 0.5392339603830171 0 0 0
1 0.2560821172140668 -0.25283662436394017 0.5618849907398575 0 0 0
1 -0.2514530399628743 0.02529712055640728 -0.9629912447750096 0 0 0
1 0.03284002533892534 0.917338722671287 0.011209552672908208 0 0 0
1 -0.5114783561242545 -0.5059391160695951 -0.1872632594528183 0 0 0
1 -0.5283013638323529 -0.6790233789061122 0.35902323841838046 0 0 0
1 0.6395444530628415 0.6167722357083265 0.025091594664256225 0 0 0
1 0.40066814371773884 0.5776771541555262 0.3030877556672788 0 0 0
1 0.17933408545435434 -0.747711146295423 0.6055756752670811 0 0 0
1 0.42350707902068563 -0.5747605849257124 -0.6391894379020477 0 0 0
1 -0.800584030252247 0.327780485314359 0.19129616064116148 0 0 0
1 0.5824995177387831 0.011240959359942316 -0.6896735748085027 0 0 0
1 0.6088997651997147 -0.2629084523193674 -0.5561813039648424 0 0 0
1 -0.05089669764412199 -0.5891238037349392 0.20759921195483613 0 0 0
1 0.42513561077233325 -0.7506411378059568 0.02019030569223457 0 0 0
1 0.2159168336489482 -0.037121809426068936 0.2640063413812852 0 0 0
1 -0.0930779586568806 -0.6062638134270317 -0.4647950775113978 0 0 0
1 -0.45285837584096067 -0.38169252340929993 -0.5560421456572858 0 0 0
1 -0.2720256497908723 -0.15373174140472384 0.15169186233109508 0 0 0
1 0.05098462824044472 -0.7341287783951649 0.571196757584694 0 0 0
1 -0.2675027014885552 0.1390099433577304 -0.2383382419736589 0 0 0
1 -0.8072478178320259 0.15705575608393876 -0.14830121201907295 0 0 0
1 -0.43497422619130743 -0.30709586394313537 0.6145600743526032 0 0 0
1 -0.8780968844785613 -0.09422576984481949 -0.3970615055113003 0 0 0
1 -0.5986306258964605 -0.015682097492927892 0.1503604651850449 0 0 0
1 -0.2879660103372584 0.11308370298798119 0.28500184856214994 0 0 0
1 0.3340411439423612 -0.10589790668640942 0.5190231884947388 0 0 0
1 -0.27222488849974297 0.5613447770454393 -0.7531468919470369 0 0 0
1 -0.016127039756039168 -0.18500567020249428 -0.22403755182866752 0 0 0
1 -0.26548070697664083 -0.46840905326316723 0.3588266454888294 0 0 0
1 -0.7699224308246658 0.254580165457167 -0.09514703664029187 0 0 0
1 0.8126333489248182 -0.2885379806779465 0.4829775356152128 0 0 0
1 -0.3539658489779737 -0.7825500122142283 0.4365645095974713 0 0 0
1 -0.2588293124298739 -0.33089586007127064 0.2848791271362669 0 0 0
1 -0.11972232853242203 0.016285409048363238 0.3930378940686883 0 0 0
1 -0.2662924725272386 -0.11988361841171144 -0.5309296297065486 0 0 0
1 -0.01278134256979625 0.049633580553746684 -0.7354783966878711 0 0 0
1 -0.25813967000832166 0.13352436131322026 0.39117973147390533 0 0 0
1 -0.6262111528816194 0.7606098252475197 0.04497439376259767 0 0 0
1 0.26891411675763566 0.5416837431288684 0.042355148244184695 0 0 0
1 -0.3922873716003009 -0.6428620463893102 0.6235196888074541 0 0 0
1 -0.7980575751879879 -0.012127821357405201 0.40479782190012126 0 0 0
1 -0.024310589481027947 0.781306342010762 0.11544443033358869 0 0 0
1 0.6055059409717702 -0.7835976091172998 0.12031249617622626 0 0 0
1 -0.4916869476646953 0.008040602154930899 -0.26892933762929716 0 0 0
1 0.3072215386178051 -0.019099066847459108 0.695866983553344 0 0 0
1 -0.45337301347391806 0.5704359397277277 -0.46889020782034113 0 0 0
1 -0.07483224564798911 0.5244213054906746 0.24928033429973612 0 0 0
1 -0.7613737576349914 -0.3576786513699567 0.3789923447073697 0 0 0
1 -0.015438406202244435 -0.15675510172855414 0.45339633950669334 0 0 0
1 -0.4589915955858243 0.21924011687643463 0.5685366838776786 0 0 0
1 -0.030557527197301128 0.03441348332816766 0.37464826598887163 0 0 0
1 -0.15217338589913987 0.7854546981207002 -0.20524086176190823 0 0 0
1 -0.5459130264201997 -0.40357244948337134 -0.276811551961133 0 0 0
1 0.12838694447747231 -0.07325626628876956 0.3536987804056103 0 0 0
1 -0.2959402121443105 0.1940960858048495 0.0497102816705334 0 0 0
1 -0.6324872725715351 0.5162555913049559 -0.2806987324057468 0 0 0
1 -0.08274511618779232 0.3564914432614095 -0.17358465650926763 0 0 0
1 0.35345102131546124 -0.05893732948678829 0.3707758053781687 0 0 0
1 -0.7490905241410893 -0.1666788810789195 -0.3052905749597792 0 0 0
1 0.824818048282987 -0.41808942143671124 -0.04171418980320753 0 0 0
1 -0.4539235120173384 0.46515754462519854 0.5494571108030929 0 0 0
1 0.01176739546050024 -0.8034503873894056 0.30003174310752745 0 0 0
1 0.2064696095737239 -0.13969125590772638 0.12241263546206464 0 0 0
1 0.4985635101766606 0.061499146737779 -0.44660784087137323 0 0 0
1 0.42848441881998633 0.225550932844877 0.2054134711467412 0 0 0
1 -0.08108148086597818 -0.3963340954695558 -0.825234860621451 0 0 0
1 0.18406841549984132 -0.46832356998689983 -0.413505285312929 0 0 0
1 0.6894549385515332 0.03252075761623088 0.07077425005194041 0 0 0
1 0.2994835600853965 -0.4445491632034487 0.35153457862710813 0 0 0
1 -0.7294787848111165 0.24789588810445828 -0.2978433429572178 0 0 0
1 0.5714165802349519 -0.012469010613271709 0.3295282585815779 0 0 0
1 -0.7611520107882062 -0.16099516567075453 0.04733804226617064 0 0 0
1 -0.16439908708481535 0.6828452283654932 -0.6103814177114187 0 0 0
1 0.16218610833574848 -0.11521143082135399 0.40626025076257766 0 0 0
1 -0.33677145455772906 -0.5248446561662349 0.45279563555711266 0 0 0
1 -0.6465296356429233 0.453357451535417 -0.12573606580526261 0 0 0
1 -0.5380850706348675 -0.5863202182827407 0.2660645601312564 0 0 0
1 0.30745066777840185 -0.6299632675944853 -0.49072104171761555 0 0 0
1 -0.7727875670064059 -0.41846806518395213 -0.26589314099237704 0 0 0
1 -0.43949450353453223 -0.8037483808495393 -0.21687323593374913 0 0 0
1 -0.38044819035297034 -0.6304256814922986 0.2151938273483967 0 0 0
1 -0.42240621252454275 -0.0351757044242446 -0.7501243041285929 0 0 0
1 0.8858977033693087 -0.021056761555121175 0.022203035382816753 0 0 0
1 0.17162094035913397 0.10259643148636141 0.5761242850944083 0 0 0
1 -0.7069060126085982 -0.5284895810378174 0.3797085786119247 0 0 0
1 -0.15936835038938255 -0.7682804606132004 0.5895127533633818 0 0 0
1 -0.09842490562871041 -0.3561768402479028 0.36494746997869537 0 0 0
1 -0.07198727700557957 0.8590282011674364 -0.20944627830906543 0 0 0
1 0.18505164680008895 0.15430001086825115 -0.3117972282535176 0 0 0
1 0.5697912512646864 0.009303072070021862 -0.5059085701967189 0 0 0
1 -0.04738083940112236 -0.2781214923139171 -0.15581852718864714 0 0 0
1 0.6896426974772181 -0.28713335344580027 0.21738771859639197 0 0 0
1 -0.22883932560427855 -0.6387661847338051 0.4132932822376332 0 0 0
1 -0.4674822239639829 0.7814022564152705 -0.11828993944262035 0 0 0
1 -0.5863836758233747 -0.164718538503705 0.41117093906063595 0 0 0
1 0.36378034151557487 0.7054039363830314 -0.23309171055819708 0 0 0
1 -0.18413819254731537 -0.08331000806804627 -0.9313516540006428 0 0 0
1 -0.05383899873783175 -0.05366181695597538 -0.6795976627358687 0 0 0
1 -0.6280222541713596 0.0817292924672863 0.6083501211212683 0 0 0
1 0.3835318712204189 -0.5108132256766771 -0.5847178247797308 0 0 0
1 0.17834445491682632 -0.8109563296946382 -0.1597354014057721 0 0 0
1 0.01677837800727979 -0.1519886231474777 -0.04181687021157294 0 0 0
1 0.20229046942281073 -0.9144084113747989 -0.3175587803373722 0 0 0
1 0.7392428176971411 0.009026619071287595 -0.6688980227908865 0 0 0
1 -0.5220355612632602 -0.6997086902918985 -0.3276045599257205 0 0 0
1 -0.2531747994154355 0.45474823188846547 -0.4943332300672711 0 0 0
1 -0.22888059527631113 -0.3475245295091303 0.7968436910536917 0 0 0
1 -0.25405361649383795 0.0591896783503458 0.6630322561164618 0 0 0
1 0.5221310967932574 -0.42248937271036363 -0.38500653674249474 0 0 0
1 0.5332953785659686 -0.7747175458302238 -0.2066633432457871 0 0 0
1 0.5680111433189735 0.16795023524809682 -0.19833218556345053 0 0 0
1 -0.5439392156893159 -0.6381863701689304 -0.5154764453214028 0 0 0
1 -0.2630532821245312 -0.08735285657072066 0.07979635789297516 0 0 0
1 -0.9444987746582496 0.04690050625401002 -0.1687755113169155 0 0 0
1 -0.3015006124962472 -0.05474713218459112 -0.8608614848343717 0 0 0
1 0.18561141002409695 -0.6986181066821537 0.6818284228992115 0 0 0
1 -0.30338653804426263 -0.08327765274500945 0.7283645816392326 0 0 0
1 0.7763644726094195 -0.47987237690249385 -0.15503748450451038 0 0 0
1 0.19744064984957113 0.48199474555680566 -0.3561092717379775 0 0 0
1 0.5115473986894571 0.0809620919564556 0.7520523488175098 0 0 0
1 0.36376645554292986 -0.016875038364878546 0.912588288156431 0 0 0
1 -0.6190705149619601 0.4579616185848134 -0.4470126786698342 0 0 0
1 -0.20381301777863176 -0.2739185617857703 -0.9177632256780274 0 0 0
1 0.7612487977183144 -0.20482770504434455 -0.4598363592485505 0 0 0
1 0.2156105070298381 0.45118675584272727 -0.7642523264489327 0 0 0
1 -0.22983124578258515 -0.6137863294419613 -0.26095337322833884 0 0 0
1 -0.6780004600113657 -0.5166036610746277 -0.1674935995199672 0 0 0
1 -0.33212745220915846 -0.12443911516239818 0.8420541610636547 0 0 0
1 -0.8090320841184055 -0.16369574935962825 0.1220270601760652 0 0 0
1 0.49980028454459774 0.4346276500543569 0.23795005400153135 0 0 0
1 0.8337369710120398 0.2807090341771411 -0.2909038878153648 0 0 0
1 -0.8377007579770521 -0.39298947138417817 -0.16000708467343377 0 0 0
1 0.4094981896375115 0.10124190699745302 0.22774692888680256 0 0 0
1 -0.7085251148485713 0.08858484362300333 0.062865808597366 0 0 0
1 -0.4551627732734859 -0.3090256212004292 -0.1783629495950152 0 0 0
1 0.16357089600338043 -0.6230020826661938 -0.4010711004818164 0 0 0
1 0.7256366847559684 -0.01878236455342093 0.44180231740586573 0 0 0
1 -0.4023742855172239 0.17000761863277142 -0.028390300688065827 0 0 0
1 -0.6200321132467554 -0.6282403694861202 0.3733269714664728 0 0 0
1 -0.6515592511771331 0.0836490626136856 -0.2967099316498036 0 0 0
1 0.11072152777311095 0.6053779745566069 0.40260740888627455 0 0 0
1 -0.5524905100228957 -0.6977719524081136 0.09167260446604626 0 0 0
1 -0.3013175053327269 -0.3021740520428073 -0.005312588758911441 0 0 0
1 -0.09450939432951934 0.45320110981623857 -0.34671541717089827 0 0 0
1 0.20577360982384005 -0.12794897645567124 -0.46087949965221664 0 0 0
1 0.4205329754834657 0.6175014984109497 -0.41537683844162276 0 0 0
1 0.0938185933200183 0.2972844231306756 -0.22202315213241344 0 0 0
1 0.001971243107854901 -0.920806889666781 -0.04401151317474756 0 0 0
1 0.4615304105057445 -0.12698309546473568 0.06366276218851764 0 0 0
1 0.297017619978534 0.1185412390391829 0.25921668147333293 0 0 0
1 -0.37574174810559585 0.15909183790304626 0.46907913220649844 0 0 0
1 -0.15810027787722625 0.3383660644100498 -0.5373093706116527 0 0 0
1 -0.1150855686188443 0.676026630342761 0.5441822655539444 0 0 0
1 -0.4240854535722123 0.5796773063554044 -0.045011142842160436 0 0 0
1 0.383476168629121 0.1423156479675161 -0.5471094750580495 0 0 0
1 0.7198776490168111 -0.05785010269869653 -0.38706314207680526 0 0 0
1 -0.13315126820850137 -0.6131903244570952 0.09582951192366586 0 0 0
1 -0.8776119533826205 0.12492260094776508 0.2530477588514227 0 0 0
1 -0.4866056077577888 -0.49982143605590035 -0.2851652833672512 0 0 0
1 0.6483335321390069 -0.1632742075977099 -0.70405679624096 0 0 0
1 0.3670643498515319 -0.8410825567855775 -0.0893047662598493 0 0 0
1 0.7056420549307589 0.6621919969772323 0.04984752976463098 0 0 0
1 -0.3510920205302113 0.35102428060318697 0.7078512247492461 0 0 0
1 -0.061907992057626524 -0.8571317522067934 3.077438197832436e-05 0 0 0
1 -0.8247522817538513 -0.3520921205541228 -0.1027350730636833 0 0 0
1 -0.5947446184541639 -0.205094870213287 -0.709626239362299 0 0 0
1 -0.6451140850941063 0.5535128586403645 0.1445598613943865 0 0 0
1 -0.5902204476518383 -0.10784755513467098 -0.28837962957565355 0 0 0
1 0.9587398696794498 -0.013766571066031835 0.24288473360575813 0 0 0
1 -0.4117805869939567 0.07363847248009231 0.2521717538200893 0 0 0
1 0.6254588670675534 0.4835459903181601 0.6113876068330821 0 0 0
1 -0.6767510303314235 -0.08477490668518972 -0.19141379926951307 0 0 0
1 0.5467399205168535 -0.04691200962901831 0.5526343177231626 0 0 0
1 -0.19611586815210352 -0.3617217329758444 -0.6779035342662892 0 0 0
1 -0.1117835427808928 0.3937915443123575 -0.6816740327505921 0 0 0
1 0.44198276192753594 -0.592877567599561 0.35436240011515646 0 0 0
1 0.5009712355001434 -0.7455752499962782 -0.07346357740558407 0 0 0
1 0.3253644470791439 0.08877804513990362 0.6135859888782557 0 0 0
1 0.2150021073894965 0.061492467998716695 -0.3221826011700763 0 0 0
1 0.7735547095077474 -0.0739207099972704 -0.5700242896713966 0 0 0
1 0.2879232521467229 -0.17060149163707594 0.7242869084789797 0 0 0
1 -0.41534684405026767 0.04340330001132063 0.3968618635291516 0 0 0
1 0.31216446623646515 0.3810007125441193 -0.5193799288783391 0 0 0
1 0.7188439634725949 0.46300140948796176 0.4314433739215061 0 0 0
1 0.28712104641153297 0.1469309667002681 -0.775466636421608 0 0 0
1 0.17622906165858032 0.03164477327905471 0.1076217798663485 0 0 0
1 0.2064352039053266 -0.8633799745366764 -0.21879622158611295 0 0 0
1 0.04754105963307903 0.1824235344432511 -0.6711451728314706 0 0 0
1 0.04055590340578511 -0.7362250307479753 0.2988663537932099 0 0 0
1 -0.7655860642753086 -0.41314042802017553 0.03132677210821833 0 0 0
1 0.16064787649091586 -0.15646318441158727 -0.8934319970268467 0 0 0
1 0.508195229280564 0.3026314595436127 -0.1354127197730458 0 0 0
1 0.21714521644155702 -0.21997584042581486 0.6022572616517085 0 0 0
1 0.5455668155706984 0.07235667085176378 -0.07378456375091294 0 0 0
1 -0.38470061011027906 -0.45077200059075584 0.31244457124952146 0 0 0
1 -0.14957685409784888 0.7028168238297454 0.22773386699731354 0 0 0
1 0.6068959274618856 0.010007599967995799 0.6375797193080627 0 0 0
1 0.8940173029324516 0.24889394654818567 -0.1422108974655894 0 0 0
1 -0.06815685673619168 -0.442014528105766 0.4560873198008257 0 0 0
1 0.9736741589406404 -0.1605913629773942 0.09231617363373212 0 0 0
1 0.7597668340593807 0.33218051059144094 -0.40763944368378213 0 0 0
1 -0.6349856189401112 0.2714710379874721 0.5828503216501776 0 0 0
1 0.2565456284592251 0.025158032845341717 -0.7696268904501352 0 0 0
1 0.49620085837971334 -0.3460687307598913 0.17635756828720928 0 0 0
1 0.2503213454672865 0.6173489812986199 -0.4244271379976334 0 0 0
1 0.0026298327672637117 -0.24095431045419494 0.08541412634624701 0 0 0
1 0.39764636938324155 0.08360106063373794 -0.1947950372174284 0 0 0
1 -0.5011912924108187 0.5674168172626369 -0.0843760613952613 0 0 0
1 -0.13990198899270745 0.708883308069202 -0.2569520462983537 0 0 0
1 -0.13930362014471065 0.09785024196577498 -0.6195811972985761 0 0 0
1 -0.03879955593146945 0.61501615690411 0.2024193795259362 0 0 0
1 0.5467361531516043 0.6638723699943618 0.1907404068000519 0 0 0
1 0.5071898593483711 -0.601543859325947 0.49831586687284996 0 0 0
1 -0.5404781405947562 -0.6470413198886978 -0.3997922173067246 0 0 0
1 0.39754909810246625 0.8825736185211678 0.1868114907211814 0 0 0
1 -0.013088239980610332 0.7770009766251083 -0.25951385402430793 0 0 0
1 -0.422013097251616 -0.1471438167127413 0.6055212220680136 0 0 0
1 0.0985620623268242 -0.32291798682274797 -0.08950237480728346 0 0 0
1 -0.1908995418674362 -0.7247614426477188 -0.5647078293651101 0 0 0
1 0.803389429857765 -0.030910747518775854 0.08354917507885613 0 0 0
1 0.06617748748977446 0.04071654981970988 -0.709982901532885 0 0 0
1 0.33432413538010636 -0.04322721056782093 0.047713661574405125 0 0 0
1 -0.2732291000522113 -0.12640518967150355 -0.663713515887262 0 0 0
1 -0.793122754824175 -0.060402621977651526 -0.30298320029379017 0 0 0
1 -0.17833951422830918 0.07178649707417041 -0.4163927019644926 0 0 0
1 0.5299318636064951 0.09852271911109474 -0.6251420277363875 0 0 0
1 -0.13778758561457682 -0.32378147302926724 -0.4766109837125675 0 0 0
1 0.9385908851905699 -0.019877495665371298 0.26925956037679966 0 0 0
1 0.17743015144943708 0.40205733091403023 0.027874106375565876 0 0 0
1 0.4167067961223589 -0.5263688801195637 -0.2059027752734033 0 0 0
1 -0.2596155980190625 -0.4942277428377204 -0.34737994784635 0 0 0
1 -0.32090422695982374 0.646008754997095 0.567144661073389 0 0 0
1 -0.6375018697496043 -0.23954899600415913 -0.2089078527871091 0 0 0
1 0.08695910514538052 0.26565226628359145 -0.6601946949716394 0 0 0
1 -0.24914490630699848 0.13595744142759228 -0.2764650389869089 0 0 0
1 -0.12064273569557332 0.06489651360613156 0.7117252595687555 0 0 0
1 0.3762271220293246 0.6564484225957246 -0.3457260693475249 0 0 0
1 -0.3141547125639688 0.21485159407162574 -0.7761782992183811 0 0 0
1 -0.0755983868811922 0.6925339818129373 -0.5442751017211686 0 0 0
1 -0.10782766939102092 -0.7188549921189201 0.1308885640622523 0 0 0
1 0.7348304334959549 -0.3389441009685915 -0.3126800689082897 0 0 0
1 -0.6484192291186454 -0.3179825108135376 0.31010768221423235 0 0 0
1 -0.46334251326026515 -0.5958678658472351 0.44096623507442384 0 0 0
1 0.6791008689128607 0.6157822725837303 0.2628019382860249 0 0 0
1 0.645612159269214 -0.47882066976816196 0.11442148622416197 0 0 0
1 0.1380982913774568 -0.5493436168386517 -0.7967169699578426 0 0 0
1 0.23961853382532916 -0.5010281648705703 -0.5919033560645041 0 0 0
1 -0.009387090244330503 -0.8679395345405488 -0.32814959971909025 0 0 0
1 -0.1410247716762901 0.3999666556924752 0.12482568667320101 0 0 0
1 -0.6781746301268451 -0.11014991636869689 -0.2314808189445604 0 0 0
1 -0.11922019763312815 -0.061704502824081464 -0.6113191274370199 0 0 0
1 0.44600799911553635 -0.15097583358987263 -0.25609859880513547 0 0 0
1 -0.47371636780858517 0.29434294816773515 0.6727016381569072 0 0 0
1 -0.40119999665111067 0.7459654465820112 0.22806347930845683 0 0 0
1 -0.12800327176205556 -0.5460933140163531 0.7243567253060884 0 0 0
1 0.25202585523046067 0.5204499617285184 -0.17375105992447862 0 0 0
1 0.353077007348112 -0.8715666868160142 -0.11830101872512583 0 0 0
1 0.3753533475109096 -0.150124514256205 0.3636778306897726 0 0 0
1 -0.08592219168585882 -0.333997397334114 -0.8717877639828971 0 0 0
1 0.012962397334567308 0.20057271567706483 -0.659209255038817 0 0 0
1 -0.8364795675615698 0.08855397077304518 -0.08987299285024869 0 0 0
1 0.126545122948443 0.3852500860825262 -0.08393640612182574 0 0 0
1 0.5663105314788726 0.06702303579982834 0.08257821429894076 0 0 0
1 -0.34097536586870486 0.2387565055885536 -0.7335812370204504 0 0 0
1 -0.08894020320124206 0.2513688700731834 -0.13768020818290297 0 0 0
1 -0.18484214967339643 -0.5314608162434437 0.026385757737878296 0 0 0
1 -0.40455480936589516 0.25152500974416225 0.24332714850690926 0 0 0
1 -0.6095922953334094 0.3833140803467413 -0.12877224254323036 0 0 0
1 0.858545251637538 -0.06396306368470346 -0.44798616263255614 0 0 0
1 0.04902758072006271 -0.6987243412939914 0.613282206969555 0 0 0
1 -0.378367025091434 -0.4066031792491478 -0.5466832815826584 0 0 0
1 0.3331745629539497 -0.43808355784241304 0.4038270143642818 0 0 0
1 -0.14187108164824727 -0.5637198674835208 -0.010111361012031386 0 0 0
1 0.00898143849859955 0.7821193722791 -0.27594802921555955 0 0 0
1 -0.6504209145505273 0.13609723233305449 0.3672387754549375 0 0 0
1 -0.033424804560662685 -0.05056359923920036 0.27447410497605446 0 0 0
1 -0.5429488469946364 0.5528589235023648 -0.3636927928290715 0 0 0
1 -0.25686014759932047 -0.3458106031859089 0.7364134953205272 0 0 0
1 0.3235168034230712 0.0856800309470352 -0.04916115640662407 0 0 0
1 0.13686351664046978 0.44438778404329654 -0.27750047015903945 0 0 0
1 0.4649214091495282 0.44978810141215686 0.45946409467082705 0 0 0
1 -0.10861044101294508 0.18859131969079526 0.5397404918592871 0 0 0
1 0.07428256000044317 -0.7007701120082575 0.509270787805352 0 0 0
1 0.5765207879593051 -0.20532837876050894 0.7899411657115409 0 0 0
1 -0.6886580737770975 -0.4295398573033045 0.20405807881649024 0 0 0
1 0.5632741539996516 -0.30582489552173625 0.669803624821496 0 0 0
1 0.05745199476275556 0.37765502743529283 -0.6138137866750021 0 0 0
1 -0.07745208540380044 -0.6351106881271515 0.5791971055632876 0 0 0
1 0.6736640001877265 -0.6476589800572682 0.04132527857296838 0 0 0
1 -0.8694640622113917 -0.12435355138687877 0.17807883938026536 0 0 0
1 -0.851530412131163 0.13244466878314085 -0.06252743420419128 0 0 0
1 0.6113806081907097 -0.024225223473188104 -0.6124835082364195 0 0 0
1 0.13185093956114954 0.22108529877563862 -0.7980307169176981 0 0 0
1 0.6632695344790805 -0.2091224929768773 -0.2839472963522917 0 0 0
1 -0.04699898942966049 0.42214590172376226 0.8913558276131331 0 0 0
1 0.7405033292286118 0.4976528381483756 -0.22447560183800477 0 0 0
1 0.14192203640245543 0.17164339058211214 0.9613284040809862 0 0 0
1 -0.11366574436679731 0.32743228475398106 0.27483138279959435 0 0 0
1 0.32426198737799417 0.1639895438823316 -0.6850934318333238 0 0 0
1 0.75750208250271 -0.38670959994774484 0.2235810904265125 0 0 0
1 0.2730215940583052 0.483513885814692 -0.04068679527383777 0 0 0
1 0.4092353761229215 0.10106511777636115 -0.7780148227940872 0 0 0
1 -0.2967394137632869 -0.2371392535406763 -0.7038135900665358 0 0 0
1 -0.5279189326965248 -0.738947003565562 0.18971283065867503 0 0 0
1 0.5260741504954735 0.49344266455654046 0.15845507182200572 0 0 0
1 -0.1331300186702941 0.4279155003070884 -0.5996670885169996 0 0 0
1 0.9006988619835965 -0.0970455975256036 0.3852888974466812 0 0 0
1 0.004765098257678798 -0.806741998038327 0.506191161562363 0 0 0
1 -0.2431547024013635 0.8940995430947584 0.2684703932479688 0 0 0
1 -0.1966652518206843 -0.16181064767110473 -0.8414478723832104 0 0 0
1 0.07028716726475492 -0.6101839236668827 -0.1961373356088032 0 0 0
1 0.6031661308516653 -0.3148468369826192 0.003960575346279513 0 0 0
1 -0.3732887901453117 -0.27127661666327096 -0.3786098439205687 0 0 0
1 -0.5558220212581191 0.8172435209583514 -0.08806226395672806 0 0 0
1 0.47133109941071444 0.4477013083447063 0.5207916467821639 0 0 0
1 -0.5900327657265687 0.05676475436134407 0.7485026009526359 0 0 0
1 0.4204509244974074 -0.7081154608943655 -0.418013132332888 0 0 0
1 0.6325483318662712 0.6735482980889144 0.1759301010071177 0 0 0
1 0.07938373996941052 -0.2480965131967653 0.5061902761126683 0 0 0
1 -0.2618163938233689 0.6556345836741795 -0.35198204933885985 0 0 0
1 0.5900708466842464 0.5364255086379448 0.583691588330384 0 0 0
1 -0.8345590576915024 0.025275940044625304 -0.33074907911871926 0 0 0
1 -0.2555613326128535 -0.029225953288330414 -0.8435028670585635 0 0 0
1 -0.653886012022052 0.5823100793801739 0.2917078859507019 0 0 0
1 0.3768264550266417 0.5647172934148694 0.5181884421901153 0 0 0
1 -0.7351113014669531 0.4809593354778015 -0.13696529017621034 0 0 0
1 -0.5595888953176373 -0.5374221906006748 -0.0722621310467513 0 0 0
1 -0.407687491857144 0.45240659968544716 0.3799228797008452 0 0 0
1 -0.7936547022471498 -0.20923863200021225 0.512883919423325 0 0 0
1 0.5167899067812973 0.3767406482001277 -0.4776779515242493 0 0 0
1 -0.5205373531285866 0.7745286475934923 0.3145311360839798 0 0 0
1 0.23154484334571637 0.7020151297917909 -0.43704444179951596 0 0 0
1 -0.23639173338619152 -0.9181418895994524 0.00436041630807897 0 0 0
1 0.35076605591538507 0.6179588702097261 0.24234677707001342 0 0 0
1 0.45384310869302175 0.2041204293204552 -0.49939566900097015 0 0 0
1 -0.0940762514952221 0.39990202329814317 0.6709371295981487 0 0 0
1 0.2106430045309409 0.2078105009918174 -0.5523566116485357 0 0 0
1 0.7024617143808917 -0.1500044760242003 0.05013360732814237 0 0 0
1 0.1858312994081506 0.1611332907697182 0.0863373858274461 0 0 0
1 0.3059286712101737 0.0981394753093097 -0.5449455953550918 0 0 0
1 -0.8047764084697461 -0.39452048263791956 -0.16897937984693076 0 0 0
1 0.319849729999084 0.36986390120188645 0.6004197673743868 0 0 0
1 0.2658673510017156 -0.2956878439522307 -0.4619117301645024 0 0 0
1 0.24108529772562773 -0.44913331860456374 -0.5593064078035581 0 0 0
1 0.4441224147403189 0.5783187744304079 0.2627630763464352 0 0 0
1 -0.5530825159935207 -0.15502967243688867 0.2402015717851777 0 0 0
1 0.13405014212597008 0.16261710007881025 0.7704195664464674 0 0 0
1 0.20550286290765898 -0.055561201957736256 -0.7997859985505995 0 0 0
1 -0.00046947342829902524 0.20009441665561412 -0.5451261320148915 0 0 0
1 -0.0738194789471847 0.23304734849466474 -0.9469710226123508 0 0 0
1 0.45515282430168086 0.13393085017155773 0.3083286022720642 0 0 0
1 0.5118737883429995 -0.4870447970154865 -0.5462382481071513 0 0 0
1 0.09409595650914504 0.16945176260044603 0.6358549446126802 0 0 0
1 0.0936547798513825 -0.320104825597184 -0.10714955374774043 0 0 0
1 0.38894290701006895 0.7286923651509356 0.12065922042188569 0 0 0
1 -0.5335928592698532 -0.07973602189026378 -0.4713623857944636 0 0 0
1 0.1622451934195008 -0.2688550308654566 -0.4183818873214183 0 0 0
1 -0.0699168394393405 0.4270015269897352 -0.5161418365593963 0 0 0
1 -0.8512983875089885 0.32360692488980247 0.17062136196237007 0 0 0
1 -0.18304185732366018 0.37139345515928224 -0.7931826840542704 0 0 0
1 0.02149904295430261 0.24465361868778795 0.9655461498017209 0 0 0
1 -0.01907888612854177 -0.8748560090031237 0.1395692616285485 0 0 0
1 -0.7551633511490525 -0.5481021037287936 -0.319839515328554 0 0 0
1 0.539839660965437 -0.49086943325043464 -0.1559292765789049 0 0 0
1 -0.04127544711161615 -0.06830254745244943 0.8806988351998817 0 0 0
1 -0.12265191939754617 0.9172344512964191 -0.2004446436894818 0 0 0
1 -0.8031436895616284 -0.2665330091182701 0.3958133036084978 0 0 0
1 0.36538120414300596 -0.6319681722605816 -0.3859126348056826 0 0 0
1 0.5157394330122808 -0.5157506591389452 0.3850649151025891 0 0 0
1 -0.04594996845574734 0.5125988125264547 0.14215370769123145 0 0 0
1 -0.6282909801276922 0.0582304966176517 -0.09795750664486151 0 0 0
1 -0.10939898338931515 -0.42265425023418546 -0.572206627053728 0 0 0
1 -0.3430638771564467 -0.8316609930180267 -0.06238254846092801 0 0 0
1 0.2633485710466027 -0.16806505622904472 -0.22137747230464871 0 0 0
1 -0.5469051352775341 0.16297091098414315 -0.4908752706321115 0 0 0
1 -0.27759881460324 0.2329923111608792 0.15365966439812553 0 0 0
1 0.36219822534468205 0.1422275548445997 0.7050112975461 0 0 0
1 -0.012863617019563841 -0.15726172000032224 -0.16710564537956743 0 0 0
1 -0.2631333754179662 -0.2295214394198564 0.9263368654711253 0 0 0
1 -0.2442915941293318 0.41214847646907843 0.2657280130714512 0 0 0
1 0.7751652516318461 -0.45545071677656906 0.13943572315833466 0 0 0
1 0.03765146574127338 -0.4957084797014426 0.7135816706125979 0 0 0
1 -0.6387308727303658 0.4889671966713604 -0.22235052728289526 0 0 0
1 -0.801110765914266 0.47943641461629655 -0.15960387543942858 0 0 0
1 -0.0872926460302016 -0.8012697331977955 -0.5313465460183431 0 0 0
1 0.3939703007931337 -0.8297142433586978 0.22429295300689792 0 0 0
1 -0.04211080743057251 0.16137009456954715 -0.4430282412878688 0 0 0
1 0.1173689315290812 0.2769361751929199 -0.7105058348600763 0 0 0
1 -0.32862978987986524 0.2150376205404003 0.04122972050740789 0 0 0
1 -0.8737520022247816 -0.08551665054915679 0.3576180372166132 0 0 0
1 0.8426210276891293 -0.4430939847975067 0.17388807509494228 0 0 0
1 0.22046152414141837 -0.4947733318757664 -0.8194181363272077 0 0 0
1 0.07313626503888815 0.5748282033000872 0.5928385284097183 0 0 0
1 0.07904321703255393 -0.0666315268097862 -0.887783818196879 0 0 0
1 0.1770094701104075 -0.29801641451392324 -0.4586700645796113 0 0 0
1 -0.28605474008351806 0.7181832879117684 -0.44917017899125156 0 0 0
1 -0.08735997489324497 0.6047958452176809 -0.6622504358506819 0 0 0
1 0.4826525981126684 0.0105337596330809 -0.005309317633416943 0 0 0
1 0.5522744484042534 -0.5248472381145097 0.4173467066354709 0 0 0
1 -0.2701335607859351 -0.10953559648213967 -0.6696517163338886 0 0 0
1 -0.1427437119043572 0.5687108431049137 -0.7590018248175309 0 0 0
1 0.009444750252996278 -0.8875416273325006 -0.13352751083259223 0 0 0
1 0.4710871606248109 0.19817714403349404 0.11845341894778295 0 0 0
1 -0.7483758246263874 -0.21253731471238033 0.08050507122256832 0 0 0
1 -0.13520266606661832 0.09785451362513951 -0.052870955176022826 0 0 0
1 0.15728795060520617 -0.5299281555204653 0.5053496166703658 0 0 0
1 -0.3108512063392564 0.3385724526410576 0.41461759379474594 0 0 0
1 0.5352657531457374 -0.3722085455205865 0.35458719142108464 0 0 0
1 0.9475727377584566 0.12068648223625401 0.1637446485256978 0 0 0
1 -0.2608988245698531 -0.7815419190397355 -0.3719698441623062 0 0 0
1 -0.28515064311818455 0.6862823943745177 0.2248642275598664 0 0 0
1 0.4230149267579724 0.8932122904554302 0.04290154786326597 0 0 0
1 0.003938957302208675 0.272714186234605 -0.9258696926943643 0 0 0
1 -0.3378847667796473 0.02525961435513047 -0.5020662680325986 0 0 0
1 0.3312244873748116 -0.23310534654809895 0.1312511048242449 0 0 0
1 0.20711669789304227 0.4162308245282793 0.29726422903265964 0 0 0
1 -0.5036495760613277 0.6495183509615858 -0.3263043667782773 0 0 0
1 -0.5194741141998049 -0.32530145820569417 -0.040068973004729204 0 0 0
1 -0.2937340795005024 0.3047367504356988 -0.6512863780511009 0 0 0
1 -0.40375557916834576 0.3796915171398083 -0.8170804048199993 0 0 0
1 0.17281222314931952 -0.9730059404043868 -0.018319415473629336 0 0 0
1 0.2730702483153252 -0.7290179766711106 -0.4976171921213741 0 0 0
1 -0.24032837998870685 0.11480102903013437 -0.6350957711636479 0 0 0
1 0.556607711217509 -0.4287449193062758 -0.4877172556023536 0 0 0
1 -0.33115817664613434 0.23033553664372647 -0.5041836656326261 0 0 0
1 -0.016637675519171235 -0.41306427515293664 0.5214669700442285 0 0 0
1 -0.20730699497744473 -0.4007541783010612 -0.6321626453071849 0 0 0
1 0.4374228978020416 -0.2517436983753272 0.07512521934325239 0 0 0
1 -0.394505906039583 -0.45561574368998453 -0.15399887088261055 0 0 0
1 0.580810768431182 -0.04417103023295212 -0.35809273167376926 0 0 0
1 0.2611979900469017 -0.3083014650394382 0.7212864891659021 0 0 0
1 -0.5790307367674906 -0.1689460449532472 0.3392194798822118 0 0 0
1 -0.3746610350906703 -0.19927703540603617 -0.054372400145825485 0 0 0
1 -0.10089214352675635 -0.023048768507119528 0.41165802603374124 0 0 0
1 -0.48928997432295473 -0.2347194228771226 -0.5430467549079826 0 0 0
1 -0.6286819256593338 0.028183632062073815 0.4373790343717037 0 0 0
1 0.6453165174877837 0.3267687269735209 0.281947064527654 0 0 0
1 -0.09486208031232403 0.672778214339045 -0.33381142737697267 0 0 0
1 -0.12580311923725962 -0.2002554311918155 -0.3314062882617788 0 0 0
1 0.1639319535745486 0.0028040512034870724 -0.5381521022396312 0 0 0
1 0.34414401365600095 0.5678858167557719 -0.21296704143250123 0 0 0
1 -0.19370936557696963 0.795032062635759 -0.5454261090289875 0 0 0
1 -0.07308979261009341 -0.2532707199156916 -0.5672404060778675 0 0 0
1 -0.30403853151443844 -0.18839702330553867 -0.37345802063648537 0 0 0
1 -0.5703819926073092 0.41393966964181356 0.3300614712844331 0 0 0
1 -0.25666701256593855 -0.8790954227727749 0.386865572703779 0 0 0
1 -0.11988943626351843 0.08776934824099705 0.25299197307111937 0 0 0
1 0.4790360682368632 0.3385913186019081 -0.5679323250120967 0 0 0
1 0.8006286371246131 -0.14424610353783718 0.18144349510740118 0 0 0
1 -0.2160492749024536 0.18810684041032838 -0.6872513312063177 0 0 0
1 0.14054790392669522 0.5446432224399556 -0.8003011672571247 0 0 0
1 0.32251996076305783 0.12701788997925473 -0.02473349283835901 0 0 0
1 -0.36915573401610285 -0.5387366570630463 0.5772184600629665 0 0 0
1 -0.04842632801625223 -0.5585616164456142 0.22711374963585212 0 0 0
1 -0.867127543621994 -0.06906097712611096 -0.2253494796124993 0 0 0
1 0.3147699348580088 0.6803255018108944 0.4365232884985458 0 0 0
1 -0.2039208019558785 -0.06334413308600535 0.4860322455428572 0 0 0
1 -0.352487345536519 -0.18926815110326445 0.0496526302964371 0 0 0
1 0.479362826414616 -0.0244687701838431 -0.8353661281016475 0 0 0
1 -0.2222878974255389 -0.21993880535526175 -0.6440448914741503 0 0 0
1 -0.3284247079651593 0.36385805449464 -0.7164049841498057 0 0 0
1 -0.039471902606259414 0.2726500526448127 0.17503675235163513 0 0 0
1 -0.004446925512139248 -0.6967150702100147 -0.6169649535477173 0 0 0
1 -0.4884771003918672 -0.2618908761403734 0.42353651963583205 0 0 0
1 -0.3174639264840395 -0.2978863367726267 0.08537609388302445 0 0 0
1 -0.3825387528373882 -0.053661562032595915 -0.9054124743977465 0 0 0
1 0.11387613760952929 -0.23261445060679242 0.03551969583724021 0 0 0
1 -0.06428481001242413 0.44777124767967147 -0.004160384483013247 0 0 0
1 -0.08326818026631802 -0.05610456060488108 0.17843644900681416 0 0 0
1 -0.6827972763411245 0.19030077505591395 -0.6292017545197486 0 0 0
1 -0.008724633308201165 0.5577539753422596 0.7426045926462914 0 0 0
1 -0.34264593467791005 0.24186259602952506 -0.26849955041147994 0 0 0
1 0.1764386763264633 -0.015468960452009692 0.18360248228899748 0 0 0
1 -0.19901560211396288 -0.15379863760961293 -0.9286565426082921 0 0 0
1 -0.4275715884379067 -0.6106558549045425 0.38870531176824713 0 0 0
1 -0.3510104869674049 -0.5745015944373993 -0.7295171938268585 0 0 0
1 -0.1892385798873445 0.19953366256981253 0.8321852985544673 0 0 0
1 0.050237903351077765 -0.018503178708911133 -0.5736230001598934 0 0 0
1 0.20372504248209636 0.57864667499858 0.3348314968399779 0 0 0
1 -0.5027998974527841 -0.26796709248437006 0.5082575736870028 0 0 0
1 -0.7788957556210154 0.4002102530065307 -0.2170798205963783 0 0 0
1 -0.38559491210108227 0.17561357149264997 -0.8117718044186701 0 0 0
1 -0.028354267552094376 -0.5437959940554464 -0.5805343707264846 0 0 0
1 -0.3169422842062081 0.36248610059343506 0.3872122297835952 0 0 0
1 0.03318891738340579 -0.5573328482271334 -0.10739613289794224 0 0 0
1 -0.5286823923160426 0.27697037911219774 0.26066421419055913 0 0 0
1 0.9100405642730489 -0.11603408258683769 0.3124631444465171 0 0 0
1 0.04160227523188907 0.3172177285346489 0.8909908916380913 0 0 0
1 0.279832967399097 -0.819262457768901 0.09162434810020921 0 0 0
1 -0.11248607898257312 0.2109566904120858 0.9362161343896096 0 0 0
1 -0.29794846972180544 -0.2798236969787903 0.36682611041830854 0 0 0
1 -0.13666621136331306 -0.4061493797095344 -0.005510323417152679 0 0 0
1 -0.20527126486194033 0.26090460298382534 0.35236198418795833 0 0 0
1 -0.17452197461569655 -0.4432193745127 -0.6033372602949769 0 0 0
1 -0.1756477356431188 0.04212719724183041 0.3300440418782582 0 0 0
1 -0.7351479766909911 -0.43282922839353904 -0.4983562527346744 0 0 0
1 -0.626958889841803 -0.5488620619459351 -0.05102744036843056 0 0 0
1 0.45060780459631206 0.0386322980234469 0.07926627092532298 0 0 0
1 0.3292091289124394 -0.3356225971407014 -0.2834130992475363 0 0 0
1 -0.8441980158624803 -0.2688554454205805 -0.299560221773468 0 0 0
1 -0.14906338637837493 -0.3581275629726735 -0.35526599684962795 0 0 0
1 0.9493016907820984 -0.09037517264972927 -0.08298684403954293 0 0 0
1 0.2522843922708933 0.41888947186417574 0.2402962524007465 0 0 0
1 0.6010692102238855 -0.1343005481602339 -0.342432769581836 0 0 0
1 0.1551923749491351 -0.6953679584337751 -0.6218916414297584 0 0 0
1 -0.1234473075013599 0.5535070941855469 -0.5425622905522436 0 0 0
1 0.6851524702343713 -0.025621545917937256 -0.6390381230039068 0 0 0
1 0.07902072537761405 -0.11733407762748617 -0.8919889012221985 0 0 0
1 0.2760383083065934 0.8789062570383492 0.25867103833689153 0 0 0
1 -0.7687374920048994 -0.09220409264505686 0.06290582556210805 0 0 0
1 0.021034506487440346 0.08821728378907621 0.9330666889235588 0 0 0
1 -0.28789401151025007 -0.2418289413767318 -0.6715782539569507 0 0 0
1 0.5032518923822558 -0.08617865530440519 -0.633624873699328 0 0 0
1 -0.07150990566397666 -0.31582383863172986 -0.16309927591743562 0 0 0
1 -0.24893580162645956 -0.17945085613344933 0.22198480135603263 0 0 0
1 -0.5744789505870427 -0.21991666468037724 0.23931462340234277 0 0 0
1 -0.47993177092419503 0.018758898264745222 0.23115628034646407 0 0 0
1 -0.008381661087995677 -0.02321601666662972 -0.6716466957530325 0 0 0
1 0.7213003648591181 -0.6787373774327023 -0.032019780515821585 0 0 0
1 -0.11714448673402443 0.2269454795360653 0.9091318506620947 0 0 0
1 -0.112051018420911 -0.7791497823982543 -0.43058173319613074 0 0 0
1 0.3637703249151093 0.7787355457783269 0.17119176886350881 0 0 0
1 -0.3184064908082991 -0.09747828723425751 0.6544431813703003 0 0 0
1 -0.5498916694087402 -0.5935748580678168 0.44484641736136343 0 0 0
1 -0.13146089568264915 -0.07712943922920545 0.0737996689569274 0 0 0
1 0.4818480223749378 -0.19070737504031082 0.7790553986925349 0 0 0
1 0.11401013138375235 0.7821095650328643 -0.42818073585690913 0 0 0
1 -0.03341487342808763 -0.3233386642013206 -0.25680369771022044 0 0 0
1 0.004745508504177712 0.33443580050767985 -0.59289172976763 0 0 0
1 -0.7067832422346522 -0.02857313637302897 -0.02542640229684235 0 0 0
1 0.4771634213482173 -0.1042321560239006 -0.23598583054031042 0 0 0
1 0.2508454958049396 0.19275503020098947 0.8131256984996205 0 0 0
1 -0.17842511962525137 -0.4647345919023426 -0.2537883863163505 0 0 0
1 0.17664487121404435 -0.8181626707342556 0.24457188111759182 0 0 0
1 -0.2742487681364022 0.46990445385499086 0.17364297199777456 0 0 0
1 -0.007815048377197807 -0.7853396690046186 0.6076334479785273 0 0 0
1 0.6802492107833142 0.10297444827821364 0.05500260406756255 0 0 0
1 -0.18564963634208148 -0.8586114262638461 0.3991276932129837 0 0 0
1 0.2861063259271071 0.015495086345527829 -0.172396254323895 0 0 0
1 -0.636153803236924 0.3460895773947449 -0.09340430385145959 0 0 0
1 0.10950351040652997 0.4085694665869976 -0.30116370578552815 0 0 0
1 0.16575697173464127 0.2272707384331128 -0.6300128636384532 0 0 0
1 -0.01564827940531089 -0.4913937152247314 0.4035719947712248 0 0 0
1 -0.44338106068743866 0.3169661517883481 0.5175091212173707 0 0 0
1 0.1668415728707532 -0.2759484695454105 0.7434198406177764 0 0 0
1 -0.12193953867606988 0.630113635720458 0.7109409642876958 0 0 0
1 -0.4612429091087243 -0.7203552711685298 0.114101518132612 0 0 0
1 0.04949880773797043 -0.4642066927996807 0.6399314887159971 0 0 0
1 0.5346277685424752 -0.12965645756816474 0.7642255085947014 0 0 0
1 -0.42123366806605606 0.15145690676573792 -0.7687194782708425 0 0 0
1 -0.06250105824798097 0.2678909893012816 -0.7757675457185236 0 0 0
1 0.6828111993813122 -0.08815226482792808 -0.17126085906960517 0 0 0
1 -0.04413129836114636 -0.5063578615229953 0.43692556129449805 0 0 0
1 -0.0887623215871104 0.1194153115315827 -0.9530304692377608 0 0 0
1 0.14639202491619518 0.3378851010167934 0.8001222051505541 0 0 0
1 0.32242677663381714 -0.3118491292002933 0.3665669438297185 0 0 0
1 -0.4317406342728613 -0.7579726753650299 -0.1703165310730595 0 0 0
1 -0.6705305635233259 0.3823062141173538 0.4365269177337696 0 0 0
1 0.05573781335585636 -0.3391786363762575 0.20273218696999684 0 0 0
1 0.4573772851023982 0.04297779859634067 -0.2185831142367371 0 0 0
1 0.171897962884038 -0.23783041060575083 -0.614311529397191 0 0 0
1 0.22647707303623157 0.5148547329542645 0.30862399574712673 0 0 0
1 -0.24643125366162463 -0.08501630505691159 0.662188198733891 0 0 0
1 0.5397174937759065 -0.35934912404408387 -0.686023178020448 0 0 0
1 -0.48709112492444795 -0.01955350940134532 0.28593316712406047 0 0 0
1 -0.12138547241151629 0.8956707821616979 -0.1713030080891351 0 0 0
1 0.30224071118737883 -0.6622717256279593 -0.5221967991672445 0 0 0
1 -0.3256259547544154 0.2731379008361376 -0.371808449357444 0 0 0
1 0.7314539908011014 0.422228472789689 0.22073943140070398 0 0 0
1 -0.5780961621943124 0.11064087785193157 0.17354116507249698 0 0 0
1 0.2568816867937771 0.29230144497777777 0.012923579646711595 0 0 0
1 0.06535415832122635 0.7054337424312095 0.5679370847018368 0 0 0
1 0.5743875330675172 -0.5982193377824702 -0.03695768800546898 0 0 0
1 0.04892211657428245 -0.09481937275567588 -0.930836497394786 0 0 0
1 0.5732357140297543 -0.0059564302698014195 0.44730647841302407 0 0 0
1 -0.26740265690832177 -0.01229237752743705 -0.5492458093324343 0 0 0
1 -0.44370657221903276 0.03169818509052913 -0.41988296403378444 0 0 0
1 0.6586333495330876 -0.5297204913233025 0.11788436869134472 0 0 0
1 -0.3918477477091389 0.2273591850585888 0.5120034454208707 0 0 0
1 -0.33338278667501464 0.3355617296969293 -0.7911264361257362 0 0 0
1 0.4905568136830456 0.6009995243279218 -0.581781519133676 0 0 0
1 -0.6480210126583243 -0.1644045563267092 -0.5405825291688771 0 0 0
1 0.7428285125033308 0.4462952749354469 0.3634289206621489 0 0 0
1 -0.6108302135134602 -0.31770631077193817 0.6739567996936734 0 0 0
1 0.1747303782979572 0.5020123533336867 -0.11428344348061992 0 0 0
1 0.16616354519606874 -0.4512893905659273 -0.4679138806025929 0 0 0
1 0.42836543433624447 0.504862398921265 -0.19119752843979568 0 0 0
1 0.7833778533465591 0.4193838727581579 0.09103319778490249 0 0 0
1 0.4739634608810143 0.45751572551386455 -0.6675709990369381 0 0 0
1 -0.03593332623295992 0.4199825021529297 0.8457019102955046 0 0 0
1 0.36816184736563334 -0.5768772026042304 0.25204054324011516 0 0 0
1 -0.1297729964256465 0.8500759492001048 -0.4372756108748956 0 0 0
1 0.8575574754870753 0.06716589353681625 0.4122746601591614 0 0 0
1 0.4614387042857793 0.5427962531337651 -0.45888940032544506 0 0 0
1 0.23581609121368363 0.8576985186402448 0.3572510484855039 0 0 0
1 -0.6985449365042029 0.024672964222279867 -0.4946353247317285 0 0 0
1 -0.26077800780100446 -0.5251115955595925 -0.14981107162170978 0 0 0
1 -0.7246139998595231 0.03779556911477652 -0.49774014046536713 0 0 0
1 -0.13388142218316468 0.5771913618190975 0.15280707271028893 0 0 0
1 -0.16793451136697016 -0.38399710742171267 -0.8679529911130847 0 0 0
1 -0.8071219387273283 0.20513937027304166 0.3966695680249583 0 0 0
1 0.4114280865478189 -0.6517819560271938 0.08567384115498988 0 0 0
1 -0.22509177081165846 -0.8200457654855287 0.4435155729807875 0 0 0
1 0.008295912602495875 -0.8417966762393349 -0.1577399340720545 0 0 0
1 -0.35592544136146337 -0.6590624773056055 0.6455545654973799 0 0 0
1 0.24556746511378846 0.4929365308551709 -0.2395478228029357 0 0 0
1 0.9441998328291007 -0.167409479115851 -0.05548691056040003 0 0 0
1 0.182272956669436 -0.04437909079819276 0.6707896380988964 0 0 0
1 0.3829911796678034 0.2372950070636557 0.8434483701629168 0 0 0
1 0.5627211767683294 -0.4216110107101339 0.3560066521717824 0 0 0
1 0.3793901070889805 -0.4486883302850843 -0.7937509446233718 0 0 0
1 0.8991020035594199 0.2679280238265603 0.0963759494280386 0 0 0
1 -0.07724886439885867 0.12375031229444108 -0.4317285582217614 0 0 0
1 0.2745441634212095 -0.12760939531863094 0.05907987177610391 0 0 0
1 0.34605316407698106 0.2979197593528357 -0.47136705482723934 0 0 0
1 0.14250209835817915 -0.7427014764791673 -0.38274038101255853 0 0 0
1 0.029296071081545194 0.5926119114007155 0.47694336325265474 0 0 0
1 -0.29449389553045513 -0.7065180926573184 -0.543141163204414 0 0 0
1 0.5799557964591765 0.09994384290303163 -0.2323285851796159 0 0 0
1 0.4532660600057002 -0.19551753176985312 0.8158548238451738 0 0 0
1 0.19221236320068003 -0.29936591399999 -0.3728152260945293 0 0 0
1 0.6762236791326901 -0.0516497619818875 0.24348466948021866 0 0 0
1 -0.03335838086744671 0.546205300963956 -0.3297004107567335 0 0 0
1 0.8698275897712916 -0.11102471032892985 -0.009735713775613051 0 0 0
1 0.05755073526732604 0.8659403502837949 0.3416577425134033 0 0 0
1 0.026637210849292284 0.8903875176680316 -0.0663269029509892 0 0 0
1 0.279414106803623 -0.28704178606547204 -0.614850755588988 0 0 0
1 -0.5902547272078628 0.3764602231339686 -0.6078720209344898 0 0 0
1 -0.8339096918053064 0.4235046745123266 0.045631286562740445 0 0 0
1 0.43646477606462536 -0.16340941464877332 0.06742230701502443 0 0 0
1 -0.5702160641161913 0.6170673216840521 0.21030263484717396 0 0 0
1 -0.07363683802044355 0.47654158655833556 0.30879780802915485 0 0 0
1 0.14020928637145097 0.9002178471016508 -0.2653440995310756 0 0 0
1 0.5876173747335888 0.7157859408410343 0.26333582585860416 0 0 0
1 0.03808153410022234 -0.6409872083379538 0.29292024501691283 0 0 0
1 0.1791089732721653 0.5002101419123359 0.3744034877041601 0 0 0
1 0.4660929319740711 0.6075553108500752 -0.268033211259734 0 0 0
1 0.9074241599618694 -0.10613730456209361 -0.09057104941383902 0 0 0
1 0.11835543590616103 0.3150469175100285 -0.24870942075096633 0 0 0
1 0.22445419156145208 -0.8011887708982232 0.2140234159360727 0 0 0
1 0.06167171639785227 -0.3346654634050742 0.7139527616478413 0 0 0
1 -0.6168839489241755 -0.08024956842126652 0.7502175506515034 0 0 0
1 -0.3876631115647852 0.4577487139051024 0.11888825622565462 0 0 0
1 -0.6703205249078831 -0.17774354878850962 0.6307532719924489 0 0 0
1 0.17374790749994692 -0.12937950683442043 0.46270456735342946 0 0 0
1 0.1708356680644056 0.532110414782296 0.7007032349554045 0 0 0
1 -0.056404637137888125 -0.5494272729115888 0.1935571161723245 0 0 0
1 -0.5383532377476091 -0.7012831237643833 -0.23728472171010853 0 0 0
1 0.3342178585966126 0.723982214853251 0.20646626257920886 0 0 0
1 0.16189767121305465 0.0918868390020418 -0.5013037517385129 0 0 0
1 -0.1616393099164246 -0.36481676668950846 -0.701362698640015 0 0 0
1 -0.7889332786492933 -0.4742204030949213 0.0829568227549639 0 0 0
1 -0.7952354931142475 0.20765192603626287 -0.37537356388836757 0 0 0
1 -0.01649004279301948 -0.4825494981105576 0.28739641827301093 0 0 0
1 0.24877774518858564 -0.6211686462709994 -0.29399381142096814 0 0 0
1 -0.13968145482233213 0.2438649143134598 -0.37820497523247604 0 0 0
1 0.45228495257273493 -0.6653078469886273 0.23601932425511807 0 0 0
1 -0.005233171801813817 0.47579978554072855 0.7508769869017901 0 0 0
1 0.10157824125132811 0.1566628921749555 0.5091658978371305 0 0 0
1 0.22766427246952803 -0.034355211956409594 -0.8803758082515936 0 0 0
1 0.05747219351248442 0.3822403794363578 -0.4797329059151039 0 0 0
1 0.3368065453106596 0.3723884996990815 0.8425032738717598 0 0 0
1 0.7893168620412824 0.2758987127424397 0.07618332325505833 0 0 0
1 -0.49684931775425417 -0.3059628027450436 0.03922159243032537 0 0 0
1 0.1863630394444054 -0.6249708900322092 -0.11905404793780848 0 0 0
1 0.4925348359649918 0.13178709105375414 -0.6025931527850367 0 0 0
1 0.12267857407610328 -0.5345989915498115 0.6441592010054061 0 0 0
1 -0.21522572582027194 0.4113589450093599 0.8809039525662333 0 0 0
1 0.011855761649254415 -0.4233091506900999 0.17646756297805677 0 0 0
1 0.8412621973609755 -0.2465993106535068 0.28832215294322994 0 0 0
1 -0.12804512283860633 -0.23325644761399347 -0.12215790913440827 0 0 0
1 -0.28959504010212955 0.6287139989108211 -0.5209641400961338 0 0 0
1 -0.2954691140872733 0.34400051147953736 0.2656497466116957 0 0 0
1 -0.261927661386077 -0.030896288495410772 -0.7481820780528435 0 0 0
1 0.6103046604952109 0.11397114662813762 0.23557784632102366 0 0 0
1 0.20418057318026545 -0.3419142434844979 0.37469038033662333 0 0 0
1 -0.21024539435697986 -0.5106069123156303 0.2752900197020473 0 0 0
1 -0.29890802646223574 0.07572284949067411 0.8320945712612309 0 0 0
1 -0.37646669933141513 0.8343326156799095 0.1108449846665965 0 0 0
1 -0.1720082350200569 -0.5217523759098252 0.3986889111845459 0 0 0
1 0.2524116631961336 -0.22655316032749395 0.6749035766479093 0 0 0
1 0.9306493870279196 -0.008443760915965737 0.22317740550140436 0 0 0
1 -0.8408968198648594 -0.2986377378430826 0.3543698646699161 0 0 0
1 0.7786838082740627 -0.09804410230885095 0.10065063161668637 0 0 0
1 -0.15039078950822404 0.5848264177800053 0.2437740784402701 0 0 0
1 -0.8283222715755298 0.3105580976802833 -0.004395720993122252 0 0 0
1 -0.06070580414207643 -0.1932039724545451 0.8969390281093759 0 0 0
1 -0.1710700162191431 0.6010631283631909 0.46350512236221675 0 0 0
1 -0.7926677966825865 -0.436543708759131 -0.16244619590070727 0 0 0
1 0.8060482449193188 -0.22537931028550123 0.3717735002445063 0 0 0
1 -0.013443409144769582 -0.3327331470324027 -0.25689510904336904 0 0 0
1 0.8119281389520834 0.1208257049122329 -0.047446839309930315 0 0 0
1 0.49943474290844 -0.10743578771091455 0.8575098293664503 0 0 0
1 -0.024234794685534137 -0.67361126017648 0.6538440235793214 0 0 0
1 0.5921388838827614 -0.4075938069917352 0.35077403960086895 0 0 0
1 -0.1199969020183589 -0.42121934309182346 -0.8653638683079512 0 0 0
1 0.047003076068004294 0.40288442160076476 -0.6510539821781625 0 0 0
1 -0.03992365960471349 -0.43687826398547985 0.5906622138470528 0 0 0
1 0.9340557725927052 0.020525875234688906 -0.11639950124648864 0 0 0
1 0.32746219254030096 0.23318000574979678 0.21261356463961964 0 0 0
1 -0.6280022717473243 0.0474603114048948 0.5089481822920751 0 0 0
1 0.08124654045598131 0.5858925342625365 -0.6268215053267365 0 0 0
1 -0.23072158953182806 0.14715320387822448 -0.15504617542123483 0 0 0
1 -0.4949783147161478 -0.021562903104159335 -0.8094051340291573 0 0 0
1 -0.530536394790086 -0.012732210832202051 0.42287084800856267 0 0 0